1	Intel	Core i5 9400F	187	81.8	120.0	237.0	460.0	659.0	666.0	1.31	10
2	Intel	Core i5 9600K	185	93.2	136.0	269.0	526.0	744.0	751.0	0.78	14
3	Intel	Core i7 9700K	174	99.3	143.0	284.0	562.0	1068.0	1084.0	2.19	14
4	AMD	Ryzen 5 3600	167	87.9	130.0	256.0	489.0	803.0	1044.0	3.33	5
5	Intel	Core i3 9100F	166	79.2	120.0	237.0	443.0	447.0	453.0	0.42	8
6	Intel	Core i9 9900K	161	99.8	145.0	286.0	563.0	1051.0	1504.0	1.62	14
7	AMD	Ryzen 7 3700X	155	92.9	136.0	269.0	521.0	944.0	1420.0	2.22	5
8	AMD	Ryzen 5 2600X	154	79.3	117.0	230.0	442.0	729.0	956.0	1.44	20
9	Intel	Core i7 8700K	152	92.5	136.0	268.0	517.0	835.0	1049.0	1.73	26
10	AMD	Ryzen 5 3400G	150	74.5	116.0	222.0	399.0	637.0	640.0	0.37	6
11	Intel	Core i7 4790K	148	78.1	122.0	235.0	417.0	620.0	628.0	1.13	66
12	AMD	Ryzen 5 2600	143	75.1	111.0	217.0	419.0	694.0	907.0	3.06	20
13	Intel	Core i7 7700K	140	86.8	136.0	260.0	463.0	694.0	701.0	1.44	35
14	Intel	Core i5 9600KF	134	93.3	136.0	269.0	527.0	758.0	767.0	0.3	8
15	AMD	Ryzen 5 1600	130	69.0	101.0	200.0	386.0	644.0	841.0	1.06	32
16	Intel	Core i7 2600K	129	62.3	97.8	188.0	332.0	481.0	487.0	0.39	107
17	Intel	Core i5 8600K	129	90.0	131.0	260.0	508.0	723.0	729.0	0.68	26
18	AMD	Ryzen 7 1700	124	67.8	98.3	195.0	382.0	717.0	1081.0	0.48	33
19	AMD	Ryzen 7 1700X	122	73.0	105.0	209.0	413.0	770.0	1164.0	0.36	33
20	AMD	Ryzen 9 3900X	121	94.4	137.0	272.0	532.0	1043.0	2123.0	0.91	5
21	Intel	Core i5 3570K	119	68.9	104.0	205.0	388.0	392.0	394.0	0.57	92
22	AMD	Ryzen 7 2700X	118	81.7	119.0	234.0	460.0	850.0	1279.0	2.77	20
23	Intel	Core i5 2500K	117	64.9	98.2	193.0	364.0	367.0	369.0	0.45	107
24	Intel	Core i7 6700K	116	80.7	126.0	242.0	432.0	642.0	652.0	1.37	52
25	Intel	Core i5 7600K	115	82.7	126.0	250.0	461.0	468.0	473.0	0.54	35
26	AMD	Ryzen 7 1800X	114	75.9	110.0	217.0	429.0	804.0	1207.0	0.24	33
27	AMD	Ryzen 5 1600X	113	74.3	109.0	215.0	416.0	691.0	902.0	0.39	32
28	Intel	Core i5 4690K	111	73.7	111.0	219.0	414.0	420.0	424.0	0.66	68
29	AMD	Ryzen 5 3600X	108	91.8	136.0	267.0	510.0	832.0	1080.0	1.59	5
30	Intel	Core i5 6600K	107	76.5	117.0	230.0	426.0	434.0	438.0	0.83	52
31	Intel	Core i7 8700	107	88.4	131.0	256.0	493.0	799.0	998.0	1.01	26
32	Intel	Core i7 7700HQ	105	61.4	95.7	184.0	328.0	485.0	489.0	1.32	36
33	Intel	Pentium G4560	105	54.0	98.3	171.0	256.0	261.0	264.0	0.19	35
34	AMD	Ryzen 7 3800X	104	95.1	139.0	275.0	533.0	965.0	1471.0	0.98	5
35	AMD	Ryzen 7 2700	104	72.3	107.0	206.0	402.0	747.0	1127.0	0.92	20
36	Intel	Core i3 8100	103	70.6	107.0	212.0	395.0	404.0	405.0	0.4	26
37	AMD	Ryzen 5 2400G	102	65.6	105.0	195.0	345.0	590.0	592.0	0.49	22
38	AMD	Ryzen 3 2200G	100	67.4	98.3	196.0	389.0	392.0	393.0	0.82	22
39	Intel	Core i5 6500	100	64.7	98.4	195.0	360.0	366.0	370.0	0.64	51
40	Intel	Core i7 8750H	99	73.4	111.0	217.0	403.0	615.0	737.0	1.35	21
41	AMD	Ryzen TR 2950X	96	82.9	119.0	236.0	469.0	920.0	2421.0	0.04	16
42	AMD	Ryzen TR 1950X	96	76.3	110.0	218.0	430.0	849.0	2282.0	0.07	28
43	AMD	Ryzen 3 3200G	95	71.7	105.0	211.0	412.0	418.0	420.0	0.3	6
44	Intel	Core i3 9350KF	94	91.4	138.0	272.0	514.0	519.0	523.0	0.01	10
45	AMD	Ryzen TR 2990WX	94	74.4	110.0	216.0	414.0	800.0	4056.0	0.01	16
46	AMD	Ryzen 5 1500X	93	67.2	104.0	201.0	361.0	569.0	577.0	0.18	32
47	Intel	Core i7 4770K	92	71.2	111.0	215.0	381.0	569.0	573.0	0.48	81
48	Intel	Core i7 5820K	92	73.1	107.0	211.0	411.0	666.0	835.0	0.28	64
49	AMD	Ryzen TR 2920X	91	83.9	121.0	240.0	475.0	894.0	1917.0	0.02	13
50	AMD	Ryzen 3 1300X	89	67.7	103.0	202.0	379.0	387.0	390.0	0.1	29
51	AMD	Ryzen 3 1200	89	61.7	93.7	184.0	345.0	350.0	352.0	0.37	29
52	AMD	Ryzen 5 1400	89	60.3	93.9	180.0	323.0	508.0	519.0	0.24	32
53	Intel	Core i5 4590	87	66.4	100.0	198.0	373.0	377.0	380.0	0.43	65
54	Intel	Core i7 6700HQ	86	56.1	87.5	166.0	300.0	450.0	454.0	0.79	51
55	AMD	Ryzen 5 2500U	85	49.9	79.5	149.0	262.0	409.0	403.0	0.31	25
56	AMD	Ryzen TR 1920X	85	77.1	112.0	221.0	434.0	811.0	1792.0	0.05	28
57	Intel	Core i7 2600	85	58.0	91.7	176.0	307.0	442.0	448.0	0.51	107
58	AMD	Ryzen 3 2200U	84	42.7	72.3	134.0	217.0	224.0	229.0	0.07	20
59	AMD	Ryzen 7 2700U	84	49.4	78.8	145.0	261.0	420.0	424.0	0.04	22
60	Intel	Core i5 4670K	84	72.2	108.0	216.0	406.0	413.0	416.0	0.39	78
61	AMD	Ryzen TR 1900X	84	78.0	114.0	225.0	439.0	788.0	1235.0	0.02	27
62	Intel	Core i7 7700	84	76.0	118.0	226.0	408.0	611.0	620.0	0.67	35
63	Intel	Core i7 6850K	83	80.7	116.0	232.0	458.0	728.0	901.0	0.06	42
64	Intel	Core i5 2500	83	59.3	90.4	177.0	331.0	335.0	337.0	0.25	72
65	Intel	Core i7 3930K	83	66.4	96.8	193.0	373.0	592.0	731.0	0.1	97
66	Intel	Core i7 6800K	83	76.0	110.0	220.0	429.0	679.0	848.0	0.1	42
67	Intel	Core i7 6950X	83	77.0	109.0	218.0	442.0	870.0	1424.0	0.01	42
68	Intel	Core i3 6100	83	57.1	104.0	181.0	272.0	277.0	279.0	0.27	50
69	Intel	Core i5 6600	83	70.2	107.0	211.0	392.0	399.0	401.0	0.25	51
70	Intel	Core i7 7820X	83	87.0	126.0	251.0	490.0	912.0	1321.0	0.07	30
71	Intel	Core i7 4790	82	69.0	108.0	209.0	367.0	551.0	556.0	0.77	68
72	Intel	Core i5 8300H	81	66.0	104.0	199.0	350.0	502.0	506.0	0.6	23
73	Intel	Core i7 6700	81	69.4	107.0	207.0	374.0	564.0	572.0	0.73	51
74	Intel	Core i5 8500	81	82.4	120.0	238.0	465.0	663.0	669.0	0.14	22
75	Intel	Core i5 2400	79	54.9	83.1	164.0	308.0	312.0	314.0	0.55	107
76	Intel	Core i5 8400	79	79.8	117.0	231.0	449.0	642.0	647.0	0.98	26
77	Intel	Core i7 8550U	78	58.1	97.2	183.0	294.0	389.0	381.0	0.59	28
78	AMD	Athlon 200GE	78	49.7	85.1	153.0	252.0	255.0	256.0	0.06	15
79	Intel	Core i7 3770K	76	67.4	105.0	204.0	359.0	527.0	532.0	0.41	92
80	Intel	Core i7 5930K	75	76.0	110.0	220.0	430.0	693.0	869.0	0.1	64
81	AMD	Ryzen 9 3950X	73	94.7	138.0	274.0	532.0	1061.0	2818.0	0.17	1
82	Intel	Core i5 7500	73	69.4	106.0	210.0	385.0	392.0	396.0	0.42	35
83	AMD	Ryzen 5 3500U	72	54.5	87.4	165.0	285.0	455.0	457.0	0.39	9
84	AMD	Ryzen 7 3750H	71	59.5	93.5	180.0	315.0	521.0	526.0	0.24	8
85	AMD	Ryzen 3 2300U	70	49.9	70.3	146.0	294.0	300.0	317.0	0.01	18
86	AMD	FX 8350	70	49.1	73.9	143.0	270.0	461.0	466.0	0.92	86
87	Intel	Core i5 4460	70	59.6	91.0	179.0	332.0	338.0	342.0	0.77	68
88	AMD	Ryzen 5 3550H	69	59.2	92.0	177.0	317.0	507.0	510.0	0.33	10
89	Intel	Core i7 3770	69	64.2	100.0	194.0	343.0	500.0	505.0	0.85	93
90	AMD	Ryzen 3 3200U	68	43.6	75.9	136.0	216.0	228.0	230.0	0.15	8
91	AMD	Ryzen 5 3500X	68	88.9	129.0	255.0	504.0	728.0	735.0	0.06	2
92	AMD	Ryzen 5 2500X	68	71.4	111.0	215.0	381.0	605.0	611.0	0.01	16
93	Intel	Core2 Quad Q6600	68	24.7	37.3	74.1	139.0	141.0	143.0	0.16	155
94	Intel	Core i5 7600	68	74.8	114.0	226.0	415.0	424.0	426.0	0.11	35
95	AMD	Ryzen 7 3700U	67	53.8	87.4	161.0	278.0	462.0	476.0	0.11	8
96	Intel	Core i5 3470	67	60.9	92.5	182.0	341.0	344.0	348.0	0.64	92
97	AMD	FX 8320	67	44.1	67.2	130.0	240.0	404.0	410.0	0.33	86
98	Intel	Core i5 3570	66	64.7	97.7	193.0	363.0	367.0	371.0	0.33	72
99	AMD	Phenom II X4 965	66	40.3	60.7	121.0	227.0	231.0	232.0	0.13	129
100	AMD	Phenom II X4 955	66	38.6	57.8	115.0	218.0	221.0	223.0	0.12	129
101	Intel	Core i5 8250U	66	56.1	89.9	173.0	294.0	402.0	391.0	0.73	27
102	Intel	Core i7 9750H	66	77.6	118.0	228.0	424.0	652.0	788.0	1.76	8
103	Intel	Core i5 4570	66	64.2	97.4	191.0	360.0	362.0	368.0	0.41	80
104	AMD	FX 8370	66	49.7	75.1	145.0	273.0	463.0	470.0	0.08	63
105	Intel	Core i7 920	66	42.9	67.0	129.0	230.0	326.0	330.0	0.18	135
106	Intel	Core i7 4770	66	67.8	106.0	205.0	362.0	539.0	545.0	0.51	81
107	Intel	Core i5 4690	66	69.4	106.0	208.0	387.0	394.0	397.0	0.21	68
108	Intel	Core i7 5960X	66	75.2	106.0	215.0	430.0	801.0	1124.0	0.04	64
109	Intel	Core i5 7200U	65	46.6	84.0	149.0	223.0	226.0	227.0	0.6	41
110	Intel	Pentium G3258	65	47.8	97.4	185.0	188.0	190.0	190.0	0.06	68
111	AMD	FX 9590	65	52.7	79.7	154.0	288.0	493.0	499.0	0.07	77
112	Intel	Core i7 3630QM	65	51.0	80.0	155.0	271.0	394.0	399.0	0.16	95
113	Intel	Xeon E5450	65	36.6	54.8	109.0	207.0	210.0	212.0	0.04	69
114	Intel	Core i9 7900X	65	88.3	127.0	253.0	500.0	970.0	1632.0	0.05	30
115	Intel	Core i7 950	65	48.6	75.7	148.0	260.0	366.0	370.0	0.12	129
116	Intel	Core i5 6400	65	59.7	91.7	180.0	331.0	337.0	341.0	0.55	51
117	Intel	Core i9 7980XE	65	83.1	122.0	241.0	463.0	920.0	2631.0	0.01	27
118	Intel	Core i5 7300HQ	64	58.8	90.1	179.0	326.0	331.0	332.0	0.52	35
119	Intel	Core i7 4700MQ	64	54.3	87.3	165.0	284.0	404.0	406.0	0.17	81
120	Intel	Core2 Quad Q9650	64	36.7	54.8	109.0	208.0	210.0	212.0	0.05	72
121	Intel	Core i7 8565U	64	65.0	111.0	203.0	324.0	431.0	413.0	0.23	15
122	Intel	Xeon X3440	64	47.1	73.2	142.0	253.0	353.0	355.0	0.02	69
123	Intel	Core i7 7500U	64	50.3	91.9	161.0	238.0	242.0	239.0	0.38	39
124	AMD	A10 7850K APU (2014 D.Ka)	64	42.2	66.9	129.0	228.0	232.0	232.0	0.05	71
125	Intel	Core i7 2700K	64	63.7	100.0	193.0	339.0	487.0	492.0	0.07	99
126	Intel	Xeon X5460	64	38.3	57.0	114.0	217.0	219.0	220.0	0.03	69
127	Intel	Core i7 3610QM	64	49.9	78.5	151.0	265.0	386.0	393.0	0.08	93
128	Intel	Core i5 750	64	44.6	69.7	133.0	244.0	248.0	249.0	0.14	125
129	Intel	Core i3 8350K	64	82.5	125.0	247.0	462.0	469.0	472.0	0.07	27
130	Intel	Pentium G4600	64	56.1	102.0	179.0	266.0	271.0	274.0	0.05	35
131	Intel	Core i9 7960X	64	85.4	124.0	245.0	481.0	956.0	2452.0	0.01	26
132	Intel	Core i3 7100	64	60.0	109.0	190.0	286.0	290.0	293.0	0.26	35
133	AMD	Ryzen TR 2970WX	64	76.3	113.0	221.0	425.0	725.0	3285.0	0.01	13
134	Intel	Core i9 9900KF	64	99.6	144.0	285.0	562.0	1046.0	1470.0	0.14	8
135	Intel	Core i7 4700HQ	63	54.2	86.1	165.0	286.0	415.0	418.0	0.11	81
136	Intel	Xeon X5650	63	53.5	77.6	154.0	302.0	464.0	547.0	0.04	73
137	Intel	Core i3 8130U	63	48.5	87.9	156.0	231.0	232.0	230.0	0.07	21
138	Intel	Core i3 4160	63	53.6	97.3	171.0	255.0	258.0	260.0	0.14	63
139	Intel	Core2 Quad Q9550	63	34.1	51.1	101.0	192.0	196.0	197.0	0.11	73
140	AMD	Ryzen 3 3300U	63	54.3	74.5	156.0	326.0	334.0	347.0	0.01	6
141	Intel	Pentium G4620	63	58.9	107.0	187.0	282.0	286.0	289.0	0.01	35
142	Intel	Core i7 7820HK	62	66.9	105.0	200.0	357.0	527.0	533.0	0.05	35
143	Intel	Xeon X5690	62	60.6	88.6	176.0	341.0	530.0	629.0	0.01	61
144	Intel	Xeon X3470	62	50.5	79.1	153.0	269.0	376.0	380.0	0.03	57
145	Intel	Core i9 8950HK	62	77.6	121.0	229.0	418.0	623.0	755.0	0.05	20
146	AMD	Athlon II X4 750K	62	39.0	65.3	120.0	202.0	204.0	207.0	0.02	85
147	AMD	FX 6300	62	42.1	67.2	126.0	223.0	298.0	302.0	0.68	86
148	Intel	Core i7 4771	62	67.8	106.0	207.0	361.0	540.0	546.0	0.04	78
149	AMD	Athlon II X4 860K	62	42.0	67.0	128.0	225.0	230.0	230.0	0.07	64
150	AMD	FX 9370	62	50.0	75.7	146.0	273.0	473.0	483.0	0.03	77
151	AMD	FX 6100	62	37.9	60.1	113.0	202.0	270.0	274.0	0.13	98
152	Intel	Core i7 7800X	62	83.6	122.0	242.0	470.0	767.0	966.0	0.07	29
153	AMD	Ryzen 5 3500	62	87.7	128.0	253.0	495.0	715.0	717.0	0.04	2
154	Intel	Pentium G3220	62	39.7	81.1	153.0	156.0	158.0	159.0	0.07	75
155	Intel	Pentium Gold G5400	62	58.4	106.0	185.0	278.0	282.0	286.0	0.07	20
156	Intel	Core i7 4930K	62	69.8	100.0	201.0	397.0	639.0	800.0	0.06	75
157	Intel	Core i7 4820K	62	65.3	101.0	199.0	350.0	517.0	522.0	0.06	75
158	Intel	Pentium G4400	62	45.1	92.4	173.0	177.0	181.0	181.0	0.11	50
159	Intel	Core i7 4771	62	67.8	106.0	207.0	361.0	540.0	546.0	0.04	78
160	AMD	Phenom II X6 1100T	61	43.3	64.3	128.0	241.0	344.0	348.0	0.03	108
161	AMD	Phenom II X6 1055T	61	37.5	57.1	112.0	205.0	296.0	300.0	0.07	116
162	Intel	Core i5 3330	61	53.4	81.4	160.0	297.0	302.0	304.0	0.15	73
163	Intel	Core i5 6300HQ	61	53.6	82.3	162.0	297.0	302.0	305.0	0.16	50
164	AMD	FX 8150	61	43.9	67.0	129.0	239.0	400.0	404.0	0.07	98
165	Intel	Core i7 2670QM	61	41.3	66.9	127.0	214.0	301.0	304.0	0.14	99
166	Intel	Core i7 8850H	61	75.3	115.0	222.0	408.0	615.0	731.0	0.1	20
167	Intel	Pentium Silver N5000	61	37.4	58.7	113.0	205.0	199.0	191.0	0.03	19
168	Intel	Core i7 6500U	61	44.3	79.8	142.0	212.0	217.0	217.0	0.29	50
169	Intel	Core i3 4170	61	53.9	98.2	171.0	256.0	262.0	264.0	0.14	55
170	Intel	Core i5 4670	61	67.6	103.0	202.0	377.0	383.0	385.0	0.15	72
171	AMD	FX 8320E	61	41.2	63.8	122.0	222.0	368.0	375.0	0.1	63
172	Intel	Core i3 3240	61	46.5	85.3	149.0	219.0	223.0	226.0	0.11	72
173	AMD	Phenom II X6 1090T	61	42.4	63.0	125.0	235.0	336.0	340.0	0.07	72
174	Intel	Core i7 7740X	61	87.0	136.0	263.0	463.0	695.0	705.0	0.02	29
175	Intel	Core2 Duo E8600	61	27.9	56.8	108.0	110.0	112.0	111.0	0.02	73
176	Intel	Core i5 2520M	61	37.4	69.7	120.0	173.0	177.0	179.0	0.14	73
177	Intel	Core2 Quad Q9400	61	31.3	47.0	93.1	177.0	179.0	182.0	0.07	73
178	Intel	Core i9 9980XE	61	86.7	127.0	252.0	484.0	969.0	2811.0	0.01	12
179	Intel	Core i7 7920HQ	60	66.8	105.0	201.0	355.0	521.0	522.0	0.01	34
180	Intel	Core i3 2120	60	42.9	79.2	138.0	201.0	205.0	206.0	0.25	72
181	AMD	A8 7600 APU (2014 D.Ka)	60	39.6	63.3	121.0	213.0	216.0	217.0	0.09	63
182	Intel	Core i3 6006U	60	30.0	53.8	96.1	144.0	147.0	148.0	0.13	36
183	AMD	A10 6800K APU (2013 D.Ri)	60	43.8	72.6	134.0	229.0	232.0	234.0	0.04	78
184	AMD	FX 4300	60	39.8	66.1	123.0	207.0	210.0	212.0	0.18	86
185	AMD	A10 5800K APU (2012 D.Tr)	60	40.5	67.7	124.0	209.0	213.0	215.0	0.05	86
186	Intel	Core i3 3220	60	45.3	82.7	145.0	214.0	217.0	219.0	0.24	73
187	Intel	Core i7 8086K	60	95.4	140.0	276.0	533.0	868.0	1086.0	0.09	18
188	Intel	Core i5 3550	60	63.0	95.7	189.0	352.0	357.0	361.0	0.07	72
189	Intel	Core i5 9400	60	82.5	121.0	238.0	465.0	664.0	669.0	0.11	9
190	Intel	Pentium G4500	60	48.1	98.3	184.0	189.0	192.0	193.0	0.01	50
191	Intel	Core i5 7640X	60	86.0	131.0	259.0	480.0	488.0	494.0	0.01	29
192	Intel	Core i3 7350K	60	67.6	122.0	215.0	323.0	329.0	332.0	0.01	35
193	Intel	Core i5 760	60	46.6	72.5	139.0	256.0	259.0	261.0	0.1	72
194	Intel	Core i5 7400	60	63.1	97.2	190.0	348.0	355.0	357.0	0.8	35
195	Intel	Core i7 9700	60	94.3	135.0	268.0	537.0	998.0	997.0	0.37	6
196	Intel	Core i5 3320M	59	40.9	74.8	130.0	193.0	197.0	198.0	0.14	72
197	Intel	Core i7 7820HQ	59	63.4	100.0	191.0	336.0	485.0	487.0	0.03	38
198	Intel	Core i5 8259U	59	70.0	107.0	211.0	378.0	552.0	552.0	0.01	17
199	Intel	Core i7 6820HK	59	61.6	95.6	183.0	331.0	486.0	490.0	0.04	50
200	AMD	A8 7410 APU (2015 M.Ca)	59	23.6	37.6	73.0	127.0	131.0	131.0	0.08	52
201	AMD	A12 9720P APU (2016 M.BR)	59	33.8	56.4	102.0	176.0	181.0	181.0	0.07	30
202	Intel	Core i7 4710HQ	59	55.3	88.8	168.0	290.0	422.0	428.0	0.17	66
203	Intel	Core i7 3632QM	59	47.1	74.9	144.0	248.0	362.0	367.0	0.07	73
204	Intel	Core i7 2630QM	59	38.9	62.6	118.0	203.0	285.0	290.0	0.11	107
205	Intel	Xeon X5470	59	42.4	63.2	126.0	240.0	242.0	245.0	0.01	63
206	Intel	Core i5 6300U	59	43.3	77.6	139.0	209.0	212.0	214.0	0.17	55
207	Intel	Core i7 870	59	48.6	77.5	148.0	255.0	353.0	357.0	0.11	72
208	Intel	Core i5 2450M	59	35.5	66.6	113.0	163.0	166.0	167.0	0.13	95
209	Intel	Core i5 2410M	59	33.5	62.5	107.0	155.0	157.0	158.0	0.11	107
210	Intel	Core i5 3230M	59	40.1	74.3	127.0	188.0	191.0	193.0	0.17	83
211	Intel	Core i5 650	59	39.5	73.4	128.0	183.0	186.0	187.0	0.15	73
212	AMD	A10 7890K APU (2014 D.Ka)	59	45.1	71.4	139.0	243.0	249.0	250.0	0.02	45
213	Intel	Core i9 7920X	59	86.0	124.0	246.0	485.0	951.0	1892.0	0.02	31
214	Intel	Core i5 8600	59	85.3	125.0	247.0	481.0	681.0	689.0	0.05	20
215	Intel	Core i7 9700KF	59	97.0	141.0	279.0	547.0	1020.0	1035.0	0.04	10
216	Intel	Core i7 3720QM	58	54.4	85.4	164.0	290.0	415.0	420.0	0.03	72
217	Intel	Core i5 6200U	58	41.1	73.8	131.0	198.0	201.0	201.0	0.38	50
218	Intel	Core i5 4300U	58	37.2	69.2	117.0	174.0	178.0	178.0	0.14	70
219	Intel	Core i7 4720HQ	58	56.3	91.3	171.0	292.0	416.0	423.0	0.2	60
220	Intel	Core i7 3520M	58	45.1	82.7	144.0	213.0	217.0	219.0	0.06	73
221	AMD	A8 6600K APU	58	41.6	69.0	129.0	216.0	221.0	222.0	0.05	71
222	Intel	Core i3 2350M	58	28.1	51.7	90.9	131.0	133.0	134.0	0.07	72
223	Intel	Pentium N4200	58	29.7	46.9	89.7	162.0	161.0	158.0	0.03	37
224	Intel	Xeon E3 1505M v6	58	63.4	102.0	193.0	332.0	481.0	474.0	0.01	34
225	Intel	Core i5 7300U	58	50.3	90.6	162.0	241.0	245.0	246.0	0.08	35
226	Intel	Xeon W3690	58	61.9	89.9	179.0	349.0	542.0	642.0	0.02	67
227	Intel	Core i7 8559U	58	81.3	128.0	249.0	431.0	603.0	605.0	0.02	18
228	Intel	Core i7 4810MQ	58	59.3	95.0	181.0	310.0	449.0	454.0	0.1	68
229	Intel	Core2 Quad Q9500	58	33.7	50.3	100.0	191.0	193.0	194.0	0.01	72
230	Intel	Core i5 8350U	58	60.0	96.1	184.0	315.0	437.0	426.0	0.07	25
231	Intel	Core i3 4130	58	49.9	90.6	159.0	238.0	243.0	245.0	0.16	75
232	Intel	Core i7 4702MQ	58	50.2	80.6	154.0	262.0	383.0	389.0	0.06	71
233	Intel	Core i5 4210U	58	35.0	65.7	110.0	162.0	166.0	168.0	0.24	64
234	AMD	Athlon X4 880K	58	43.9	69.4	134.0	237.0	241.0	242.0	0.02	44
235	AMD	A10 7860K APU (2014 D.Ka)	58	40.1	64.6	123.0	213.0	217.0	220.0	0.04	45
236	Intel	Core i7 3960X	58	68.3	99.9	198.0	383.0	605.0	751.0	0.0	99
237	Intel	Core2 Quad Q9300	58	29.1	43.8	86.8	163.0	166.0	167.0	0.04	72
238	Intel	Core2 Quad Q8400	58	31.1	46.8	92.5	175.0	177.0	178.0	0.06	72
239	Intel	Core i5 3210M	58	38.6	71.3	122.0	181.0	184.0	186.0	0.21	92
240	Intel	Core i5 3450	58	59.4	90.2	178.0	331.0	337.0	339.0	0.11	73
241	Intel	Pentium Gold G5600	58	62.6	112.0	196.0	303.0	306.0	309.0	0.0	21
242	Intel	Core i9 9900X	58	88.9	128.0	256.0	501.0	980.0	1675.0	0.03	13
243	Intel	Core2 Duo E8500	58	26.2	53.6	101.0	103.0	105.0	106.0	0.06	73
244	Intel	Core i7 3740QM	58	54.7	85.8	165.0	292.0	419.0	427.0	0.03	71
245	Intel	Core i7 6900K	58	80.0	114.0	227.0	457.0	848.0	1172.0	0.02	42
246	Intel	Xeon E3 1230 V2	58	60.3	94.3	183.0	322.0	468.0	475.0	0.03	72
247	Intel	Celeron G3930	58	40.6	82.9	156.0	160.0	162.0	162.0	0.04	34
248	AMD	A10 6700 APU (2013 D.Ri)	57	42.1	70.1	130.0	218.0	222.0	222.0	0.03	77
249	Intel	Pentium G630	57	31.4	64.1	121.0	124.0	127.0	127.0	0.03	71
250	Intel	Core i7 2620M	57	39.4	73.2	126.0	183.0	185.0	186.0	0.04	72
251	Intel	Core i3 2100	57	40.2	74.3	129.0	187.0	191.0	192.0	0.18	73
252	Intel	Core i5 4200H	57	45.5	83.1	143.0	216.0	222.0	224.0	0.03	67
253	Intel	Core i5 4300M	57	45.5	81.8	146.0	218.0	220.0	222.0	0.05	70
254	Intel	Core i3 6100U	57	35.1	62.5	112.0	170.0	173.0	174.0	0.07	50
255	Intel	Celeron N3450	57	26.6	40.8	79.6	147.0	149.0	147.0	0.01	36
256	Intel	Core i5 4210M	57	42.9	78.0	136.0	204.0	208.0	209.0	0.05	64
257	Intel	Core i3 5005U	57	29.3	53.5	94.1	138.0	142.0	143.0	0.15	57
258	Intel	Xeon E5 1650 v3	57	72.5	106.0	210.0	408.0	659.0	822.0	0.03	62
259	Intel	Core i5 2320	57	53.0	80.7	159.0	295.0	299.0	302.0	0.1	72
260	Intel	Core i5 5200U	57	37.5	69.7	119.0	175.0	177.0	178.0	0.33	59
261	Intel	Core i3 7130U	57	41.7	74.2	134.0	202.0	205.0	206.0	0.02	25
262	Intel	Core i5 9300H	57	70.0	110.0	213.0	371.0	530.0	536.0	0.54	9
263	Intel	Core i5 5300U	57	41.1	76.1	131.0	192.0	196.0	198.0	0.13	61
264	Intel	Core i7 3612QM	57	45.7	72.0	139.0	242.0	346.0	349.0	0.03	73
265	Intel	Core i3 4330	57	51.3	93.6	163.0	244.0	248.0	252.0	0.02	77
266	Intel	Core i3 4150	57	51.4	93.9	163.0	244.0	248.0	250.0	0.1	68
267	AMD	FX 8370E	57	42.6	65.9	125.0	230.0	383.0	388.0	0.01	63
268	Intel	Core i7 4710MQ	57	54.9	87.2	167.0	289.0	422.0	428.0	0.06	67
269	AMD	FX 4100	57	36.6	60.7	114.0	190.0	196.0	197.0	0.09	98
270	AMD	Ryzen TR 3970X	57	94.6	137.0	274.0	530.0	1056.0	5502.0	0.02	1
271	Intel	Core2 Quad Q8200	57	27.2	41.0	81.2	153.0	155.0	158.0	0.06	71
272	Intel	Core i3 4370	57	57.1	104.0	181.0	272.0	275.0	278.0	0.01	63
273	Intel	Pentium G4520	57	51.7	105.0	199.0	205.0	207.0	207.0	0.0	50
274	Intel	Core i3 6320	57	61.6	111.0	194.0	296.0	302.0	304.0	0.0	50
275	Intel	Core i5 4440	57	57.8	88.6	173.0	321.0	325.0	329.0	0.25	75
276	Intel	Core2 Quad Q8300	57	29.1	43.7	86.7	164.0	166.0	168.0	0.06	72
277	Intel	Core i9 9900KS	57	106.0	152.0	302.0	599.0	1121.0	1616.0	0.21	2
278	Intel	Core i7 3820	57	61.8	96.3	188.0	330.0	485.0	491.0	0.13	72
279	Intel	Core i3 8300	57	72.9	110.0	218.0	409.0	415.0	418.0	0.01	20
280	Intel	Core m3 6Y30	56	30.0	55.0	94.9	141.0	143.0	144.0	0.01	50
281	Intel	Core2 Quad Q6700	56	27.3	40.9	81.3	154.0	156.0	157.0	0.02	71
282	Intel	Core i7 8650U	56	60.9	101.0	190.0	309.0	420.0	416.0	0.16	26
283	Intel	Core2 Quad Q9450	56	31.8	47.8	94.6	179.0	183.0	183.0	0.02	72
284	Intel	Xeon W3550	56	49.5	76.2	148.0	271.0	337.0	342.0	0.03	71
285	Intel	Core i3 7100U	56	36.5	65.3	117.0	176.0	180.0	181.0	0.11	39
286	Intel	Xeon E5620	56	38.2	58.9	116.0	208.0	266.0	271.0	0.01	68
287	Intel	Xeon W3565	56	51.6	79.2	154.0	283.0	344.0	350.0	0.02	69
288	AMD	A8 7650K APU (2014 D.Ka)	56	39.1	62.7	120.0	209.0	213.0	214.0	0.05	56
289	Intel	Core i7 3840QM	56	56.0	87.6	170.0	299.0	429.0	434.0	0.01	72
290	AMD	A8 9600 APU (2016 D.BR)	56	40.6	64.1	124.0	220.0	225.0	227.0	0.04	27
291	Intel	Core i9 9880H	56	83.1	124.0	242.0	458.0	787.0	1004.0	0.07	9
292	AMD	A6 5200 APU	56	21.1	32.2	64.6	117.0	120.0	121.0	0.04	70
293	Intel	Core i5 8265U	56	62.7	102.0	194.0	323.0	437.0	414.0	0.24	16
294	Intel	Core i3 4030U	56	27.1	48.9	86.4	130.0	133.0	135.0	0.07	64
295	Intel	Core i7 1065G7	56	77.7	130.0	242.0	394.0	520.0	500.0	0.16	4
296	AMD	A10 5700 APU (2012 D.Tr)	56	37.3	62.7	115.0	191.0	196.0	196.0	0.02	95
297	Intel	Xeon E3 1231 v3	56	65.9	103.0	199.0	352.0	524.0	530.0	0.06	66
298	AMD	Athlon X4 845	56	45.8	72.4	140.0	248.0	253.0	254.0	0.02	45
299	Intel	Core i3 3110M	56	32.2	58.5	103.0	153.0	156.0	158.0	0.1	72
300	Intel	Core i7 860	56	45.0	72.5	137.0	234.0	333.0	338.0	0.14	72
301	Intel	Core i5 3470S	56	58.0	89.2	174.0	321.0	326.0	328.0	0.05	69
302	Intel	Pentium G3240	56	40.5	82.4	157.0	160.0	162.0	162.0	0.03	68
303	Intel	Xeon W3680	56	59.8	86.4	172.0	339.0	522.0	608.0	0.02	65
304	Intel	Xeon E3 1230 v3	56	64.4	100.0	195.0	343.0	509.0	516.0	0.02	72
305	Intel	Core i7 4800MQ	56	58.2	93.0	177.0	305.0	439.0	446.0	0.07	71
306	Intel	Core i3 540	56	36.6	67.9	119.0	170.0	173.0	175.0	0.08	72
307	Intel	Xeon E5 1650 v2	56	70.0	100.0	200.0	399.0	638.0	786.0	0.04	68
308	Intel	Celeron G1840	56	35.9	72.8	139.0	143.0	146.0	146.0	0.05	68
309	Intel	Xeon E5 2690 v2	56	60.7	87.4	173.0	344.0	664.0	1077.0	0.0	64
310	Intel	Xeon E3 1240 V2	56	62.5	97.2	189.0	335.0	487.0	493.0	0.02	69
311	Intel	Core i3 7300	56	63.1	114.0	198.0	303.0	309.0	311.0	0.0	35
312	Intel	Xeon E5 1620 v2	56	63.5	97.3	193.0	343.0	499.0	506.0	0.04	68
313	Intel	Core i5 3350P	56	55.2	84.6	166.0	306.0	311.0	315.0	0.06	71
314	Intel	Core i5 M 560	55	32.8	63.2	107.0	147.0	149.0	149.0	0.03	72
315	Intel	Core i3 3217U	55	23.1	41.9	73.1	110.0	114.0	115.0	0.08	72
316	Intel	Core i7 4600U	55	41.2	77.1	129.0	191.0	196.0	196.0	0.09	71
317	Intel	Core i5 660	55	41.2	77.0	134.0	190.0	193.0	195.0	0.02	71
318	AMD	A8 5600K APU	55	38.3	63.6	118.0	199.0	205.0	207.0	0.05	72
319	Intel	Core i5 2300	55	49.9	75.8	149.0	279.0	282.0	283.0	0.06	73
320	Intel	Xeon X5660	55	55.7	81.1	160.0	314.0	484.0	576.0	0.02	68
321	Intel	Core i5 2540M	55	37.4	68.7	119.0	177.0	181.0	184.0	0.04	72
322	AMD	A12 9800 APU (2016 M.BR)	55	47.9	76.6	147.0	256.0	261.0	261.0	0.01	39
323	AMD	Phenom II X4 945	55	36.4	54.6	109.0	206.0	209.0	210.0	0.04	73
324	AMD	A9 9420 APU (2016 M.SR)	55	26.3	56.8	95.1	98.2	102.0	101.0	0.05	30
325	AMD	A8 6410 APU R5 Graphics	55	22.7	35.9	70.3	123.0	125.0	127.0	0.07	65
326	Intel	Core i5 3380M	55	44.7	81.8	142.0	212.0	214.0	217.0	0.01	70
327	Intel	Xeon E5440	55	34.1	51.0	101.0	193.0	195.0	198.0	0.01	67
328	Intel	Pentium G2030	55	36.7	75.1	141.0	145.0	147.0	148.0	0.05	71
329	Intel	Celeron N4000	55	26.2	54.0	100.0	102.0	104.0	102.0	0.03	19
330	Intel	Core i7 5600U	55	45.4	83.7	146.0	213.0	217.0	219.0	0.08	58
331	AMD	A10 9620P APU (2016 M.BR)	55	31.2	52.5	94.0	160.0	168.0	170.0	0.02	30
332	Intel	Pentium E5700	55	23.1	47.4	89.0	90.6	92.1	92.8	0.06	72
333	Intel	Xeon E3 1270 V2	55	64.1	99.7	194.0	343.0	498.0	505.0	0.01	66
334	Intel	Pentium G3260	55	43.0	87.6	166.0	170.0	172.0	172.0	0.03	53
335	AMD	A9 9425 APU (2016 M.SR)	55	26.6	57.2	96.0	99.1	103.0	102.0	0.09	20
336	Intel	Pentium Silver J5005	55	41.5	62.9	123.0	232.0	233.0	233.0	0.01	20
337	AMD	A10 9700 APU (2016 M.BR)	55	44.0	69.7	135.0	238.0	243.0	245.0	0.05	37
338	AMD	A6 9500 APU (2016 D.BR)	55	31.4	66.7	116.0	119.0	123.0	120.0	0.01	30
339	Intel	Xeon E3 1220 v3	55	61.7	92.4	183.0	349.0	353.0	355.0	0.01	69
340	Intel	Core i7 4500U	55	37.9	70.4	119.0	177.0	181.0	182.0	0.1	75
341	Intel	Core i7 4510U	55	39.6	74.2	124.0	184.0	187.0	189.0	0.16	66
342	AMD	A12 9700P APU (2016 M.BR)	55	31.0	52.6	93.6	159.0	163.0	164.0	0.02	41
343	Intel	Core i9 9980HK	55	85.9	128.0	250.0	475.0	833.0	1102.0	0.06	7
344	Intel	Core m3 7Y30	55	35.1	64.0	113.0	166.0	167.0	163.0	0.01	37
345	Intel	Core i7 2640M	55	40.4	75.4	128.0	187.0	190.0	190.0	0.04	72
346	Intel	Core i5 1035G1	55	73.1	122.0	229.0	370.0	474.0	456.0	0.07	3
347	Intel	Core2 Duo E8400	55	24.6	50.3	95.3	96.7	98.3	98.5	0.19	143
348	Intel	Core i5 2430M	55	34.6	64.6	110.0	160.0	162.0	163.0	0.1	72
349	Intel	Core i7 4770S	55	64.9	102.0	197.0	343.0	512.0	518.0	0.04	72
350	Intel	Core i3 6300	55	59.0	107.0	188.0	281.0	287.0	290.0	0.01	50
351	AMD	FX 6350 Six Core	55	45.3	71.0	136.0	243.0	327.0	331.0	0.08	72
352	Intel	Core i7 4960X	55	72.1	104.0	208.0	408.0	654.0	818.0	0.02	75
353	Intel	Core i9 7940X	55	87.1	125.0	249.0	493.0	977.0	2217.0	0.01	26
354	Intel	Core i5 8400T	55	65.3	95.9	188.0	367.0	520.0	525.0	0.02	20
355	Intel	Core i7 4900MQ	55	60.1	96.2	183.0	315.0	451.0	455.0	0.02	81
356	Intel	Core2 Duo T9900	55	24.2	49.5	94.3	94.8	96.5	96.6	0.0	72
357	Intel	Core i7 3540M	55	45.0	82.5	144.0	212.0	218.0	220.0	0.02	72
358	Intel	Core i7 960	55	50.4	79.1	153.0	269.0	380.0	384.0	0.05	72
359	AMD	FX 4350	55	43.1	71.5	133.0	224.0	229.0	231.0	0.04	79
360	Intel	Core i7 3940XM	55	59.0	92.8	180.0	313.0	457.0	469.0	0.0	68
361	AMD	Athlon II X4 640	55	35.8	53.8	107.0	202.0	205.0	208.0	0.05	73
362	Intel	Core i7 930	55	45.0	70.8	137.0	239.0	337.0	340.0	0.08	73
363	Intel	Core i5 4590S	55	64.0	98.4	190.0	355.0	361.0	365.0	0.05	64
364	Intel	Core i5 3340	55	54.7	83.9	165.0	304.0	309.0	312.0	0.03	71
365	Intel	Xeon X5450	55	35.6	53.4	106.0	201.0	204.0	206.0	0.02	70
366	Intel	Celeron G3900	55	38.9	79.5	148.0	153.0	156.0	156.0	0.03	45
367	Intel	Xeon X5570	55	49.7	77.7	151.0	267.0	354.0	359.0	0.0	66
368	Intel	Xeon E5430	54	32.3	48.3	95.9	183.0	185.0	187.0	0.01	62
369	AMD	Phenom II X4 980	54	44.7	66.7	134.0	253.0	257.0	260.0	0.0	69
370	Intel	Core i7 Q 740	54	28.9	52.0	87.9	138.0	189.0	193.0	0.03	72
371	Intel	Core i7 Q 720	54	26.6	47.9	81.0	127.0	174.0	176.0	0.05	73
372	AMD	Phenom II X4 960T	54	37.8	58.4	115.0	208.0	211.0	212.0	0.02	72
373	Intel	Core i7 5700HQ	54	61.7	98.5	189.0	324.0	462.0	466.0	0.03	54
374	AMD	Athlon II X2 250 (2013 D.Ri)	54	25.2	51.3	98.4	98.9	101.0	102.0	0.05	72
375	Intel	Core i3 3120M	54	33.1	60.2	105.0	158.0	161.0	163.0	0.05	72
376	Intel	Core i5 4200M	54	41.4	74.4	132.0	199.0	203.0	205.0	0.1	72
377	Intel	Pentium N3710	54	19.3	29.3	58.7	107.0	110.0	110.0	0.02	42
378	AMD	Athlon II X4 760K (2013 D.Ri)	54	41.4	68.5	128.0	215.0	219.0	221.0	0.01	67
379	Intel	Core i3 8100T	54	62.0	93.4	185.0	349.0	354.0	359.0	0.01	19
380	Intel	Pentium G2020	54	35.8	73.5	138.0	141.0	143.0	143.0	0.04	71
381	AMD	A6 9220 APU (2016 M.SR)	54	21.7	46.7	78.7	80.7	83.0	82.4	0.02	30
382	Intel	Xeon X3450	54	46.7	73.1	142.0	249.0	346.0	351.0	0.01	66
383	Intel	Core i3 4000M	54	33.9	60.8	108.0	163.0	167.0	169.0	0.02	69
384	Intel	Pentium E5800	54	25.2	51.6	96.8	99.2	101.0	102.0	0.03	71
385	Intel	Core i7 X 980	54	58.5	85.4	169.0	329.0	515.0	629.0	0.02	72
386	Intel	Xeon X3430	54	40.8	61.7	121.0	229.0	234.0	236.0	0.01	70
387	Intel	Core2 Duo E4600	54	16.6	34.1	63.2	65.1	66.4	67.2	0.01	72
388	Intel	Core i7 8809G	54	76.4	118.0	228.0	413.0	607.0	617.0	0.02	23
389	Intel	Core i7 5500U	54	41.8	77.9	133.0	194.0	196.0	196.0	0.21	59
390	Intel	Celeron J3455	54	28.6	43.9	86.1	158.0	162.0	162.0	0.02	37
391	Intel	Xeon E3 1270 v3	54	67.5	105.0	204.0	361.0	545.0	551.0	0.0	66
392	AMD	Phenom II X4 925	54	34.3	51.2	102.0	194.0	196.0	198.0	0.01	71
393	AMD	Athlon 64 X2 Dual Core 5200+	54	20.8	42.4	79.5	81.8	82.7	84.5	0.02	72
394	Intel	Core i5 8400H	54	73.1	117.0	223.0	383.0	547.0	546.0	0.01	18
395	AMD	Phenom II X4 B55	54	39.0	59.1	118.0	218.0	222.0	224.0	0.01	72
396	AMD	Athlon II X4 630	54	33.4	49.9	99.6	189.0	192.0	194.0	0.03	72
397	AMD	Athlon 5350 APU R3	54	22.5	34.2	68.2	125.0	130.0	131.0	0.01	67
398	AMD	A8 3870 APU	54	37.1	55.9	111.0	209.0	213.0	215.0	0.02	71
399	Intel	Core i7 6820HQ	54	59.1	93.1	178.0	314.0	463.0	466.0	0.09	48
400	Intel	Core i7 X 990	54	61.6	89.4	179.0	347.0	543.0	661.0	0.01	71
401	AMD	Athlon II X2 270	54	27.8	56.8	107.0	109.0	112.0	113.0	0.02	72
402	AMD	Phenom II X2 555	54	27.1	55.5	105.0	106.0	108.0	108.0	0.02	71
403	Intel	Core i5 5257U	54	45.0	81.6	145.0	213.0	219.0	220.0	0.0	57
404	Intel	Core i3 2130	54	45.0	82.9	144.0	210.0	213.0	215.0	0.03	72
405	Intel	Pentium Gold 4415Y	54	24.0	42.4	76.8	117.0	119.0	120.0	0.01	17
406	Intel	Core i7 7600U	54	52.5	97.7	168.0	244.0	242.0	238.0	0.04	35
407	Intel	Core i3 2370M	54	29.2	53.9	94.7	137.0	140.0	140.0	0.03	72
408	Intel	Core2 Extreme X9770	54	41.1	61.4	122.0	233.0	233.0	237.0	0.0	66
409	Intel	Core i7 10510U	54	72.4	121.0	223.0	368.0	496.0	467.0	0.13	4
410	Intel	Core i7 4750HQ	54	50.1	80.8	154.0	261.0	374.0	381.0	0.01	71
411	Intel	Celeron N3060	54	12.6	26.0	46.8	50.0	51.1	50.0	0.03	43
412	Intel	Xeon E5 1620 0	54	60.6	93.1	185.0	327.0	472.0	477.0	0.06	71
413	AMD	FX 6200 Six Core	54	42.1	65.9	126.0	226.0	307.0	309.0	0.01	71
414	Intel	Core i7 4910MQ	54	60.2	96.6	185.0	315.0	452.0	459.0	0.02	67
415	Intel	Core i5 4570S	54	61.7	95.1	184.0	341.0	347.0	348.0	0.03	69
416	Intel	Core i3 4350	54	53.7	97.6	170.0	256.0	258.0	262.0	0.0	68
417	Intel	Core i7 5775C	54	76.3	118.0	230.0	411.0	599.0	603.0	0.0	54
418	Intel	Pentium G3460	54	46.3	94.4	179.0	182.0	185.0	186.0	0.0	63
419	Intel	Core i7 8700T	54	77.8	116.0	226.0	432.0	660.0	790.0	0.02	20
420	Intel	Pentium Gold G5500	54	60.2	109.0	191.0	289.0	294.0	296.0	0.01	20
421	Intel	Core i9 9900	54	96.1	141.0	278.0	537.0	1000.0	1388.0	0.06	6
422	AMD	A6 3670 APU	54	33.5	50.5	101.0	188.0	191.0	193.0	0.01	70
423	Intel	Xeon W3520	54	43.2	66.7	130.0	236.0	290.0	295.0	0.02	71
424	Intel	Xeon E3 1245 V2	54	62.6	97.9	190.0	333.0	489.0	495.0	0.01	69
425	Intel	Core i7 3770S	54	61.3	96.7	186.0	325.0	469.0	476.0	0.04	72
426	Intel	Core i5 2310	54	51.0	77.8	153.0	284.0	286.0	289.0	0.06	72
427	Intel	Xeon E3 1220 V2	54	57.9	86.6	173.0	327.0	332.0	335.0	0.01	71
428	Intel	Core2 Quad Q9505	54	33.5	50.0	99.1	190.0	192.0	193.0	0.01	71
429	Intel	Xeon W3530	54	45.4	70.0	136.0	248.0	308.0	314.0	0.02	71
430	Intel	Core i5 4430	54	56.2	85.8	169.0	312.0	318.0	322.0	0.07	72
431	Intel	Core i3 550	54	38.8	72.0	127.0	180.0	183.0	185.0	0.05	72
432	AMD	Athlon 3000G	54	56.1	96.1	172.0	284.0	286.0	286.0	0.01	1
433	AMD	Athlon II X2 240	54	23.6	48.2	91.1	93.4	95.2	96.1	0.02	70
434	Intel	Core i3 3250	54	47.3	86.7	152.0	223.0	227.0	230.0	0.01	70
435	Intel	Xeon E3 1241 v3	54	68.4	107.0	207.0	365.0	541.0	548.0	0.01	62
436	Intel	Core i7 9700F	54	94.4	134.0	269.0	539.0	1013.0	1013.0	0.19	6
437	Intel	Xeon E5 2660 v2	54	33.5	61.7	109.0	154.0	221.0	281.0	0.0	64
438	Intel	Core i5 3340M	54	42.2	77.2	134.0	199.0	202.0	203.0	0.04	72
439	Intel	Pentium E5400	54	21.0	43.1	80.6	82.4	84.5	85.5	0.03	70
440	Intel	Xeon E7  4870	53	36.8	55.2	110.0	205.0	267.0	488.0	0	68
441	Intel	Pentium E6300	53	22.4	45.9	86.1	87.4	89.7	89.8	0.01	71
442	Intel	Xeon E3 1226 v3	53	67.1	99.9	199.0	381.0	385.0	389.0	0.01	60
443	Intel	Core i5 M 430	53	28.4	52.6	92.9	131.0	133.0	135.0	0.04	73
444	Intel	Xeon X5560	53	47.0	73.3	143.0	253.0	328.0	335.0	0.0	61
445	Intel	Pentium E5500	53	22.1	45.2	85.1	86.6	88.0	89.3	0.02	72
446	Intel	Celeron G530	53	28.1	57.4	109.0	111.0	114.0	115.0	0.01	73
447	Intel	Core i5 9600	53	91.8	134.0	264.0	519.0	744.0	746.0	0.0	5
448	AMD	Phenom II X3 720	53	29.3	50.7	100.0	143.0	146.0	147.0	0.0	73
449	AMD	C 50	53	6.26	12.9	23.4	24.6	25.7	26.2	0.01	71
450	AMD	A4 5300 APU	53	25.5	56.1	89.9	93.1	95.0	95.1	0.02	71
451	AMD	A6 3400M APU	53	19.3	30.7	58.6	104.0	105.0	107.0	0.01	72
452	AMD	A10 9700E APU (2016 D.BR)	53	40.4	64.5	121.0	218.0	222.0	225.0	0.0	27
453	Intel	Xeon E5420	53	29.4	44.1	87.4	165.0	168.0	170.0	0.0	66
454	AMD	Phenom II X4 B45	53	36.2	54.9	109.0	202.0	205.0	208.0	0.0	70
455	Intel	Celeron D 3.06GHz	53	8.91	23.7	23.6	24.9	25.7	27.0	0.0	69
456	Intel	Core i7 4610M	53	49.2	89.3	157.0	234.0	238.0	240.0	0.02	66
457	AMD	A10 4600M APU	53	26.7	45.8	81.7	136.0	138.0	139.0	0.02	72
458	Intel	Core i7 3615QM	53	48.4	77.1	149.0	254.0	366.0	371.0	0.01	72
459	Intel	Core i7 3687U	53	38.4	70.0	121.0	182.0	186.0	186.0	0.01	71
460	AMD	A6 3650 APU	53	31.9	48.1	95.6	179.0	182.0	185.0	0.01	72
461	Intel	Core i7 880	53	51.3	81.1	156.0	272.0	381.0	386.0	0.0	62
462	Intel	Core i5 4310U	53	37.9	69.8	120.0	178.0	183.0	185.0	0.06	64
463	Intel	Core i5 7400T	53	54.6	83.5	165.0	303.0	309.0	313.0	0.01	34
464	AMD	FX 9830P APU (2016 M.BR)	53	39.1	62.7	121.0	209.0	216.0	218.0	0.01	36
465	Intel	Pentium 4415U	53	35.1	62.6	112.0	169.0	173.0	174.0	0.02	32
466	Intel	Core2 Quad	53	25.1	37.7	74.5	141.0	143.0	144.0	0.01	72
467	AMD	A10 7800 APU (2014 D.Ka)	53	39.3	63.7	121.0	208.0	212.0	214.0	0.06	64
468	Intel	Core i7 2760QM	53	45.2	72.5	139.0	237.0	325.0	328.0	0.03	72
469	Intel	Celeron N2830	53	12.2	25.1	46.2	47.8	49.2	49.1	0.03	65
470	AMD	A4 4000 APU	53	22.6	49.3	80.6	83.7	85.6	85.7	0.02	68
471	AMD	A6 7310 APU (2015 M.Ca)	53	22.7	36.3	70.0	121.0	124.0	124.0	0.04	51
472	Intel	Core i7 3820QM	53	55.7	87.9	169.0	295.0	431.0	436.0	0.01	70
473	Intel	Core i7 980	53	58.9	85.9	170.0	331.0	518.0	634.0	0.01	71
474	Intel	Core i7 5557U	53	51.1	93.6	163.0	241.0	246.0	248.0	0.0	55
475	Intel	Celeron J1900	53	18.2	27.5	55.0	101.0	104.0	106.0	0.02	66
476	Intel	Xeon E3 1275 v3	53	68.4	105.0	206.0	369.0	550.0	555.0	0.0	69
477	Intel	Core i5 M 460	53	31.2	58.9	102.0	142.0	144.0	145.0	0.06	73
478	Intel	Xeon E31270	53	58.3	91.6	176.0	310.0	440.0	448.0	0.01	69
479	AMD	Athlon II X3 450	53	32.2	55.7	110.0	158.0	160.0	161.0	0.01	73
480	Intel	Xeon E3 1240 v3	53	66.2	103.0	201.0	354.0	528.0	535.0	0.01	70
481	AMD	A8 3850 APU	53	35.3	53.2	106.0	198.0	201.0	203.0	0.01	70
482	Intel	Core i7 8705G	53	67.2	105.0	201.0	359.0	529.0	536.0	0.02	21
483	Intel	Core i7 6920HQ	53	61.7	95.6	184.0	332.0	495.0	501.0	0.01	47
484	Intel	Pentium B960	53	24.4	49.7	93.5	96.3	98.2	97.8	0.04	72
485	Intel	Core i7 4940MX	53	63.5	101.0	194.0	334.0	482.0	486.0	0.01	67
486	Intel	Core i7 7660U	53	54.2	98.2	175.0	258.0	262.0	263.0	0.01	32
487	Intel	Xeon E3 1271 v3	53	69.8	108.0	210.0	375.0	565.0	575.0	0.0	61
488	AMD	A6 5400K APU	53	27.2	59.5	97.9	99.9	102.0	102.0	0.02	70
489	Intel	Xeon E3 1270 v6	53	75.7	115.0	225.0	412.0	623.0	631.0	0.0	31
490	Intel	Pentium N3700	53	18.3	28.0	55.4	102.0	105.0	105.0	0.02	52
491	Intel	Pentium 2020M	53	29.3	59.6	113.0	116.0	117.0	118.0	0.04	72
492	AMD	Phenom II X6 1045T	53	36.2	55.3	109.0	197.0	285.0	288.0	0.01	72
493	AMD	Athlon II X3 445	53	31.4	54.4	107.0	153.0	156.0	158.0	0.01	72
494	Intel	Core i5 8279U	53	72.4	116.0	226.0	380.0	485.0	451.0	0.0	7
495	Intel	Core i7 7700T	53	66.2	103.0	198.0	354.0	523.0	529.0	0.02	34
496	Intel	Celeron N4100	53	33.1	51.5	100.0	182.0	181.0	178.0	0.02	24
497	Intel	Core i5 10210U	53	69.7	113.0	217.0	361.0	496.0	468.0	0.09	6
498	Intel	Pentium G620	53	31.0	63.3	120.0	122.0	124.0	124.0	0.04	71
499	Intel	Xeon E3 1245 v6	53	75.5	116.0	225.0	408.0	617.0	628.0	0.0	30
500	Intel	Core i5 1035G4	53	70.4	118.0	223.0	355.0	457.0	454.0	0.04	2
501	Intel	Core i3 10110U	53	59.0	108.0	189.0	279.0	281.0	279.0	0.01	3
502	Intel	Core i5 8500T	53	67.9	99.7	196.0	381.0	543.0	547.0	0.02	17
503	Intel	Core i3 8145U	53	56.3	101.0	180.0	270.0	268.0	268.0	0.05	14
504	AMD	A9 9430 APU (2016 M.SR)	53	29.2	62.0	108.0	111.0	112.0	112.0	0.0	30
505	Intel	Core i5 8365U	53	66.0	108.0	204.0	338.0	470.0	445.0	0.02	8
506	Intel	Celeron J4005	53	28.1	57.9	108.0	109.0	112.0	111.0	0.01	21
507	AMD	A8 5500 APU	53	34.8	58.6	108.0	179.0	183.0	184.0	0.03	71
508	Intel	Xeon E5 2643 0	53	55.3	84.8	169.0	298.0	431.0	440.0	0.01	71
509	Intel	Pentium G3250	53	41.9	85.6	162.0	165.0	168.0	169.0	0.04	61
510	Intel	Xeon E3 1246 v3	53	67.3	105.0	204.0	360.0	544.0	552.0	0.01	66
511	AMD	Phenom II X4 840	53	38.0	57.1	114.0	214.0	216.0	220.0	0.02	71
512	AMD	A10 7700K APU (2014 D.Ka)	53	40.1	64.2	123.0	215.0	219.0	221.0	0.03	68
513	AMD	Athlon II X4 870K	53	42.7	66.9	131.0	232.0	235.0	236.0	0.01	45
514	AMD	FX 8120	53	39.9	61.9	119.0	214.0	351.0	358.0	0.07	73
515	AMD	Ryzen TR 3960X	53	95.2	139.0	276.0	532.0	1063.0	4191.0	0.02	1
516	Intel	Core i3 M 380	53	28.5	53.6	93.6	130.0	132.0	133.0	0.06	72
517	Intel	Core i5 3360M	53	43.3	79.6	137.0	204.0	209.0	210.0	0.02	72
518	Intel	Core2 Duo E7600	53	25.0	50.9	96.5	98.6	99.3	101.0	0.01	70
519	Intel	Core i7 970	53	55.4	81.0	161.0	311.0	486.0	591.0	0.01	68
520	Intel	Xeon E5 1650 0	53	64.2	92.7	187.0	363.0	574.0	703.0	0.03	68
521	Intel	Celeron G1620	53	33.2	68.0	128.0	130.0	134.0	135.0	0.01	68
522	Intel	Core2 Duo T9300	53	19.9	40.5	77.4	78.4	79.2	79.3	0.01	72
523	Intel	Core2 Duo E7400	53	22.6	46.5	87.3	88.2	90.4	90.9	0.04	72
524	Intel	Core i3 2330M	53	26.8	49.4	87.2	125.0	128.0	129.0	0.05	72
525	Intel	Core i7 2860QM	53	46.5	75.6	144.0	241.0	337.0	338.0	0.01	73
526	Intel	Core i7 9800X	53	89.0	131.0	258.0	497.0	912.0	1346.0	0.02	12
527	Intel	Celeron G1610	53	31.1	63.7	119.0	122.0	125.0	126.0	0.02	71
528	Intel	Core2 Duo E6750	53	18.7	38.4	72.0	73.5	75.1	75.9	0.02	72
529	Intel	Core2 Duo E6550	53	16.3	33.3	62.6	64.3	65.4	65.9	0.02	147
530	Intel	Xeon L5420	53	30.1	45.1	89.6	170.0	172.0	174.0	0.0	66
531	Intel	Core2 Extreme X9100	53	25.1	51.1	97.3	99.2	99.7	99.3	0.0	69
532	Intel	Core i9 9820X	53	86.2	124.0	247.0	489.0	958.0	1638.0	0.02	12
533	Intel	Core i3 7320	53	66.1	119.0	209.0	320.0	322.0	327.0	0.0	35
534	Intel	Xeon E5 2670	53	53.1	75.7	153.0	303.0	549.0	743.0	0.01	70
535	Intel	Core i5 9500	53	88.5	130.0	256.0	498.0	709.0	715.0	0.04	6
536	Intel	Core i3 3225	53	44.7	81.6	143.0	211.0	216.0	219.0	0.01	88
537	Intel	Core i7 3970X	53	69.1	101.0	200.0	389.0	612.0	754.0	0.01	68
538	Intel	Xeon E5 2620 v2	53	40.8	58.3	118.0	233.0	369.0	464.0	0.0	70
539	Intel	Xeon E3 1225 v3	53	64.1	95.4	191.0	364.0	375.0	377.0	0.01	64
540	Intel	Pentium D 3.73GHz	52	19.8	34.5	63.9	97.6	99.8	102.0	0.0	67
541	Intel	Core i5 2405S	52	46.3	74.2	139.0	249.0	250.0	255.0	0.0	67
542	AMD	Ryzen 7 2800H	52	62.2	101.0	188.0	322.0	567.0	561.0	0.0	12
543	AMD	Phenom II X4 B60	52	39.9	60.8	121.0	222.0	224.0	227.0	0.0	69
544	Intel	Core i7 2675QM	52	37.8	61.8	117.0	195.0	270.0	270.0	0.0	72
545	AMD	Athlon II X4 631	52	31.9	48.4	95.5	178.0	182.0	185.0	0.0	71
546	AMD	A12 9730P APU (2016 M.BR)	52	38.7	61.4	119.0	208.0	216.0	217.0	0.0	34
547	Intel	Core i7 3517U	52	32.9	60.7	105.0	154.0	158.0	159.0	0.02	72
548	AMD	Phenom 9950	52	30.5	45.4	90.7	173.0	175.0	176.0	0.01	71
549	Intel	Core M 5Y71	52	30.6	62.1	95.2	130.0	128.0	124.0	0.01	57
550	Intel	Pentium G2010	52	34.6	70.8	133.0	136.0	139.0	140.0	0.01	67
551	AMD	Phenom 9750	52	28.0	41.7	83.2	159.0	162.0	164.0	0.01	72
552	AMD	Phenom II X2 550	52	26.1	53.4	100.0	103.0	104.0	105.0	0.01	72
553	Intel	Pentium D 3.40GHz	52	15.3	31.6	58.5	60.0	60.9	61.8	0.01	71
554	Intel	Core2 Duo T6600	52	17.1	35.1	65.1	66.8	67.8	68.4	0.02	73
555	Intel	Celeron N2920	52	14.8	22.3	45.0	82.8	85.3	86.6	0.01	67
556	AMD	Athlon II X2 220	52	23.0	47.0	88.6	90.6	91.6	92.5	0.02	69
557	AMD	Phenom 9850	52	29.6	44.1	88.2	167.0	171.0	173.0	0.01	71
558	Intel	Core i7 6700T	52	64.6	100.0	196.0	346.0	505.0	500.0	0.02	50
559	Intel	Core i7 4712HQ	52	50.2	80.0	153.0	263.0	392.0	403.0	0.01	66
560	Intel	Core i7 3537U	52	36.2	66.7	114.0	170.0	174.0	175.0	0.03	72
561	Intel	Core i3 2375M	52	18.3	33.4	59.1	86.8	89.1	90.5	0.0	70
562	AMD	FX 6120 Six Core	52	40.4	64.2	121.0	214.0	290.0	293.0	0.0	68
563	AMD	Phenom II X6 1035T	52	34.8	53.0	104.0	190.0	273.0	277.0	0.01	72
564	AMD	Phenom II X2 560	52	27.4	56.2	106.0	108.0	110.0	111.0	0.01	70
565	AMD	A8 7100 APU (2014 M.Ka)	52	21.1	37.1	63.5	105.0	107.0	108.0	0.0	59
566	AMD	Athlon 64 X2 Dual Core 6000+	52	23.8	48.8	90.7	93.2	94.9	95.2	0.02	69
567	AMD	A4 6210 APU R3 Graphics	52	18.8	28.7	57.6	104.0	107.0	109.0	0.02	65
568	AMD	Phenom II X4 975	52	42.6	63.3	126.0	242.0	244.0	245.0	0.0	71
569	AMD	A8 4500M APU	52	22.8	38.9	69.5	116.0	118.0	118.0	0.03	72
570	Intel	Core i5 3475S	52	58.9	89.9	175.0	328.0	332.0	334.0	0.01	67
571	Intel	Core i7 L 640	52	28.5	56.8	92.3	122.0	124.0	125.0	0.01	70
572	Intel	Core i7 4558U	52	43.4	78.0	137.0	209.0	216.0	218.0	0.0	70
573	AMD	Athlon II X3 440	52	30.3	52.3	104.0	149.0	152.0	153.0	0.01	70
574	Intel	Xeon E3 1220 v5	52	65.9	96.1	194.0	380.0	386.0	388.0	0.0	42
575	AMD	A6 3500 APU	52	23.4	41.0	80.0	114.0	117.0	118.0	0.01	70
576	AMD	Phenom II X2 565	52	28.9	59.2	111.0	114.0	115.0	116.0	0.0	72
577	Intel	Core i7 2720QM	52	42.0	67.2	129.0	220.0	305.0	306.0	0.02	72
578	Intel	Celeron N3160	52	16.9	25.6	51.4	94.4	96.9	97.0	0.01	40
579	AMD	FX 9800P APU (2016 M.BR)	52	32.6	54.5	100.0	169.0	175.0	174.0	0.01	42
580	Intel	Celeron 1037U	52	21.3	43.3	82.1	84.1	86.2	85.8	0.01	71
581	Intel	Core2 Duo E7200	52	20.4	41.6	78.5	80.3	81.9	82.8	0.02	72
582	Intel	Pentium 4405U	52	31.7	56.5	100.0	153.0	156.0	157.0	0.01	47
583	AMD	FX 8310	52	42.2	65.1	123.0	228.0	388.0	395.0	0.0	60
584	Intel	Pentium 4 3.06GHz	52	10.9	25.7	35.7	36.6	37.5	38.8	0.0	72
585	Intel	Core M 5Y10c	52	27.5	50.5	87.8	129.0	132.0	130.0	0.01	58
586	Intel	Atom x5 Z8350	52	13.0	20.5	39.8	70.5	73.3	73.4	0.0	42
587	Intel	Xeon E3 1230 v5	52	68.5	106.0	205.0	369.0	566.0	574.0	0.01	46
588	Intel	Core i5 3427U	52	32.5	59.5	103.0	154.0	157.0	158.0	0.01	72
589	Intel	Pentium T4400	52	17.1	34.9	65.2	67.2	68.3	69.1	0.03	72
590	Intel	Pentium B980	52	26.8	54.9	103.0	106.0	107.0	107.0	0.01	69
591	Intel	Core i3 4005U	52	23.7	42.6	75.4	114.0	117.0	119.0	0.11	68
592	Intel	Core i7 7567U	52	60.7	110.0	191.0	291.0	297.0	298.0	0.01	35
593	AMD	A4 4300M APU	52	18.9	42.2	65.6	67.5	68.7	68.0	0.01	72
594	Intel	Core i5 2400S	52	45.9	73.7	139.0	246.0	250.0	253.0	0.03	73
595	Intel	Core i7 6600U	52	47.1	85.2	150.0	225.0	228.0	229.0	0.09	50
596	Intel	Core i5 7Y54	52	37.2	71.8	117.0	167.0	168.0	163.0	0.0	37
597	AMD	A8 3800 APU	52	30.4	46.4	91.3	169.0	172.0	174.0	0.0	68
598	Intel	Core i5 M 480	52	32.2	60.7	106.0	147.0	150.0	150.0	0.05	71
599	Intel	Core i7 3667U	52	37.8	69.5	120.0	178.0	181.0	181.0	0.01	71
600	Intel	Xeon E5472	52	34.9	52.1	103.0	198.0	201.0	203.0	0.0	60
601	Intel	Core i7 4600M	52	49.5	90.2	158.0	235.0	236.0	241.0	0.03	70
602	AMD	A8 5550M APU	52	25.6	44.1	79.4	129.0	131.0	132.0	0.01	70
603	Intel	Core i3 M 370	52	27.2	50.7	89.7	125.0	128.0	127.0	0.07	73
604	Intel	Core i5 7260U	52	53.0	95.4	167.0	255.0	260.0	263.0	0.01	32
605	Intel	Celeron N3350	52	20.3	42.2	76.3	79.0	80.4	78.9	0.04	37
606	AMD	A6 7400K APU (2014 D.Ka)	52	29.2	62.1	107.0	111.0	113.0	113.0	0.03	61
607	AMD	A4 6300 APU	52	27.6	60.1	99.1	101.0	103.0	103.0	0.04	66
608	AMD	A6 3420M APU	52	21.3	34.3	64.8	114.0	117.0	119.0	0.01	72
609	AMD	Athlon II X4 641	52	34.6	52.4	104.0	193.0	198.0	200.0	0.0	72
610	AMD	Athlon 64 X2 Dual Core 4000+	52	16.3	33.7	62.5	63.5	65.6	66.8	0.01	72
611	AMD	Phenom II X4 B50	52	38.0	57.4	114.0	213.0	216.0	218.0	0.01	70
612	Intel	Xeon X5472	52	35.4	52.9	105.0	201.0	203.0	205.0	0.0	71
613	AMD	Athlon II X2 B24	52	24.8	50.8	95.4	97.9	99.3	101.0	0.01	69
614	AMD	Athlon II X2 260	52	26.4	53.9	101.0	104.0	106.0	107.0	0.02	70
615	Intel	Core i7 4702HQ	52	49.1	78.4	149.0	257.0	387.0	396.0	0.01	73
616	Intel	Celeron 1007U	52	17.3	35.4	65.7	68.2	70.5	70.7	0.02	70
617	Intel	Core i7 2635QM	52	38.1	61.6	117.0	198.0	277.0	277.0	0.0	64
618	Intel	Core i7 4650U	52	38.6	74.8	122.0	172.0	174.0	174.0	0.01	69
619	AMD	A4 9120 APU (2016 M.SR)	52	19.6	41.7	72.1	74.4	78.0	77.7	0.01	29
620	AMD	A8 6500 APU	52	39.7	66.1	122.0	206.0	209.0	209.0	0.03	70
621	AMD	E 450 APU	52	10.1	20.7	37.9	39.7	41.1	40.9	0.03	72
622	Intel	Core i3 2328M	52	26.1	47.7	84.9	123.0	125.0	127.0	0.02	71
623	AMD	Athlon II X4 620	52	31.1	46.7	93.3	175.0	178.0	180.0	0.02	71
624	Intel	Core i7 9850H	52	81.5	124.0	240.0	446.0	667.0	804.0	0.06	6
625	Intel	Celeron J4105	52	37.4	56.3	110.0	211.0	213.0	211.0	0.0	22
626	Intel	Pentium G860	52	35.8	73.1	139.0	141.0	143.0	143.0	0.02	71
627	Intel	Core i3 7100T	52	52.7	94.6	166.0	254.0	261.0	263.0	0.01	35
628	Intel	Core i3 6098P	52	55.3	100.0	177.0	263.0	270.0	274.0	0.02	45
629	AMD	A12 9800E APU (2016 M.BR)	52	42.3	68.0	129.0	226.0	232.0	234.0	0.0	27
630	Intel	Core i7 4770HQ	52	55.6	88.5	172.0	292.0	418.0	417.0	0.0	60
631	AMD	Athlon II X3 435	52	29.1	50.6	99.6	142.0	146.0	147.0	0.01	72
632	AMD	A6 4400M APU	52	20.1	45.4	69.2	71.3	72.8	71.9	0.02	72
633	AMD	Athlon II X4 635	52	34.6	52.2	104.0	195.0	198.0	201.0	0.02	73
634	Intel	Core i5 1035G7	52	73.7	121.0	231.0	378.0	512.0	512.0	0.01	2
635	Intel	Atom x5 Z8550	52	18.4	27.9	55.7	102.0	105.0	105.0	0.0	37
636	Intel	Core i3 M 330	52	23.9	44.1	78.5	111.0	113.0	114.0	0.04	72
637	AMD	Athlon 64 3500+	52	11.7	31.2	31.5	32.5	33.5	34.9	0.0	71
638	Intel	Xeon E3 1240	52	56.5	88.4	171.0	302.0	413.0	419.0	0.01	70
639	Intel	Pentium M processor 1.73GHz	52	7.2	19.2	19.4	19.9	20.3	21.0	0.0	70
640	Intel	Core i7 2960XM	52	48.8	78.5	149.0	256.0	351.0	350.0	0.0	72
641	Intel	Core2 Duo T8300	52	19.4	39.8	74.6	75.5	77.1	77.7	0.0	72
642	Intel	Core i9 10920X	52	94.2	133.0	273.0	540.0	1073.0	2169.0	0.0	2
643	Intel	Core i7 8665U	52	67.1	115.0	208.0	334.0	444.0	428.0	0.04	9
644	Intel	Xeon E5405	52	23.7	35.7	70.5	133.0	136.0	138.0	0.0	59
645	Intel	Core i3 8109U	52	58.0	105.0	184.0	279.0	283.0	285.0	0.02	14
646	Intel	Core i3 4360	52	54.3	98.6	171.0	260.0	263.0	266.0	0.01	68
647	Intel	Core i7 4790S	52	66.7	106.0	202.0	351.0	524.0	531.0	0.05	64
648	AMD	A10 7870K APU (2014 D.Ka)	52	43.1	68.2	132.0	232.0	237.0	238.0	0.02	54
649	Intel	Pentium G3420	52	42.5	86.5	164.0	167.0	170.0	170.0	0.01	75
650	Intel	Core i3 3210	52	43.6	79.7	141.0	205.0	210.0	213.0	0.02	71
651	Intel	Pentium G3440	52	43.9	89.7	169.0	173.0	175.0	176.0	0.0	68
652	Intel	Core2 Duo E8300	52	23.2	47.1	90.4	91.2	92.8	93.9	0.0	72
653	Intel	Core i7 4790T	52	62.9	101.0	193.0	327.0	484.0	490.0	0.01	64
654	Intel	Core i5 2550K	52	64.2	97.0	191.0	361.0	365.0	368.0	0.01	69
655	Intel	Core i5 4460S	52	57.2	88.8	172.0	315.0	321.0	325.0	0.03	63
656	Intel	Core i7 975	52	52.7	82.5	160.0	281.0	394.0	398.0	0.01	72
657	Intel	Core i5 M 520	52	30.2	57.2	98.2	137.0	138.0	139.0	0.08	72
658	Intel	Pentium E6500	52	23.5	48.2	90.7	92.4	94.3	95.0	0.01	72
659	Intel	Core i5 661	52	40.7	75.8	131.0	189.0	192.0	194.0	0.01	72
660	Intel	Xeon E3 1225 V2	52	61.2	92.3	182.0	344.0	348.0	351.0	0.01	70
661	Intel	Xeon X3220	52	25.1	37.7	74.9	142.0	145.0	146.0	0.0	70
662	Intel	Xeon E3 1245 v3	52	66.7	104.0	202.0	355.0	531.0	539.0	0.01	70
663	Intel	Core i7 965	52	48.9	76.2	148.0	262.0	380.0	385.0	0.0	70
664	Intel	Core i5 680	52	45.0	83.5	147.0	208.0	211.0	213.0	0.0	71
665	Intel	Xeon E31220	52	54.9	82.1	163.0	311.0	313.0	316.0	0.01	69
666	Intel	Core2 Quad Q9000	52	23.2	36.1	69.8	127.0	130.0	132.0	0.0	69
667	Intel	Core2 Extreme X9650	52	36.7	55.0	109.0	207.0	211.0	212.0	0.01	72
668	Intel	Core2 Duo T8100	52	16.5	34.0	63.5	64.7	65.7	66.2	0.01	72
669	AMD	Athlon 64 X2 Dual Core 4800+	52	19.3	39.6	74.0	75.4	77.7	79.2	0.01	72
670	Intel	Core2 Duo E7300	52	21.5	43.9	82.7	84.4	85.9	87.0	0.02	72
671	Intel	Pentium E6700	52	26.0	53.3	100.0	102.0	104.0	105.0	0.02	72
672	Intel	Core2 Duo T9600	52	22.4	45.9	86.5	88.1	89.3	89.2	0.01	72
673	Intel	Core2 Duo E4500	52	15.1	30.8	58.0	59.2	60.3	61.5	0.02	73
674	AMD	A6 6400K APU	52	29.6	64.5	107.0	109.0	111.0	111.0	0.04	71
675	AMD	A4 3400 APU	52	22.6	46.1	87.0	89.1	91.3	91.7	0.01	69
676	Intel	Pentium E5300	52	20.8	42.6	79.5	81.6	82.3	83.9	0.04	73
677	Intel	Core2 Duo E6850	52	21.0	42.9	81.4	83.0	84.0	84.7	0.01	72
678	Intel	Celeron E3400	52	20.1	41.1	77.5	79.1	81.2	81.9	0.01	70
679	Intel	Core2 Duo T7700	52	17.7	35.7	66.9	71.0	73.2	74.4	0.01	71
680	Intel	Core2 Duo T7300	52	13.8	28.6	52.7	53.9	55.0	55.6	0.0	71
681	Intel	Core i3 9100	52	81.0	123.0	242.0	453.0	458.0	463.0	0.03	7
682	Intel	Core i5 5675C	52	73.8	110.0	218.0	419.0	423.0	426.0	0.0	53
683	Intel	Pentium G2130	52	40.7	82.6	158.0	161.0	163.0	164.0	0.01	67
684	Intel	Xeon E5 2630 0	52	44.4	64.6	130.0	250.0	396.0	496.0	0.0	69
685	Intel	Xeon E5 2620 0	52	38.9	56.4	114.0	219.0	344.0	429.0	0.01	69
686	Intel	Core2 Duo E7500	52	23.5	48.0	90.9	92.4	93.7	94.9	0.11	72
687	Intel	Celeron 2.40GHz	51	9.7	26.3	25.0	26.0	26.9	27.7	0	72
688	AMD	Athlon XP 2800+	51	8.95	24.0	24.4	24.3	25.1	25.3	0	72
689	Intel	Pentium 4 1.70GHz	51	7.7	20.3	20.9	21.7	21.9	22.2	0	68
690	AMD	Z 60 APU	51	6.66	13.5	26.2	26.4	26.6	25.5	0.0	64
691	Intel	Xeon E5310	51	17.2	25.7	50.7	97.8	97.5	101.0	0.0	59
692	Intel	Core2 Duo P9300	51	18.0	36.7	70.6	71.1	71.0	72.1	0.0	72
693	Intel	Core i7 X 000	51	60.4	88.9	175.0	338.0	533.0	659.0	0.0	72
694	AMD	Athlon 2650e	51	8.09	21.3	22.2	23.0	23.6	23.8	0.0	70
695	AMD	A6 7470K APU (2014 D.Ka)	51	30.9	66.5	115.0	115.0	118.0	118.0	0.0	43
696	Intel	Xeon E5 2680 v2	51	43.8	75.8	140.0	215.0	297.0	334.0	0	61
697	Intel	Core2 Duo L7100	51	8.62	18.1	32.4	33.0	34.2	34.4	0.0	69
698	Intel	Core i3 7300T	51	57.5	103.0	183.0	278.0	279.0	284.0	0.0	35
699	Intel	Core2 Duo T9500	51	21.3	43.5	82.5	83.6	84.9	85.9	0.0	70
700	Intel	Xeon E5320	51	19.1	28.8	57.5	107.0	110.0	110.0	0.0	57
701	Intel	Core m7 6Y75	51	32.9	64.2	104.0	146.0	144.0	142.0	0.01	47
702	AMD	Athlon 7750	51	22.0	44.6	85.6	86.9	88.9	90.2	0.0	71
703	Intel	Core2 Duo T5870	51	13.7	28.4	52.0	53.4	54.8	55.6	0.0	70
704	AMD	Athlon II X3 455	51	33.3	57.9	113.0	162.0	165.0	166.0	0.01	72
705	AMD	Phenom II X6 1075T	51	39.8	60.5	118.0	218.0	313.0	315.0	0.01	72
706	Intel	Core i7 5850HQ	51	63.3	102.0	194.0	330.0	475.0	476.0	0.0	51
707	Intel	Celeron N3150	51	15.9	24.3	48.6	88.3	91.4	92.1	0.01	55
708	AMD	Phenom II X4 940	51	36.1	53.8	107.0	205.0	207.0	209.0	0.01	72
709	AMD	Phenom 8650 Triple Core	51	22.9	39.4	78.0	113.0	115.0	117.0	0.0	70
710	AMD	Athlon X2 Dual Core BE 2400	51	17.8	36.1	68.1	70.5	72.1	72.4	0.0	66
711	Intel	Xeon E5 2630 v3	51	53.2	78.7	155.0	296.0	535.0	769.0	0.0	58
712	Intel	Atom N2600	51	5.67	9.62	18.3	28.6	29.6	30.8	0.0	72
713	AMD	A4 3330MX APU	51	18.2	37.3	70.2	71.8	71.9	70.3	0.0	68
714	Intel	Xeon E5335	51	19.7	30.4	59.6	109.0	111.0	113.0	0.0	69
715	Intel	Core i5 M 540	51	30.9	58.3	100.0	141.0	144.0	145.0	0.02	72
716	AMD	Phenom II X4 910e	51	32.1	48.2	95.6	181.0	183.0	186.0	0.0	66
717	AMD	A4 7210 APU (2015 M.Ca)	51	21.0	33.8	65.7	111.0	115.0	116.0	0.01	50
718	Intel	Core i3 2348M	51	28.2	52.1	90.2	132.0	134.0	134.0	0.01	72
719	Intel	Core i3 4010U	51	24.1	43.3	76.6	116.0	119.0	121.0	0.03	70
720	AMD	A6 9500E APU (2016 D.BR)	51	28.9	60.9	108.0	111.0	113.0	112.0	0.0	27
721	AMD	FX 4170 Quad Core	51	42.6	69.9	130.0	224.0	228.0	231.0	0.01	73
722	Intel	Core m5 6Y54	51	33.0	62.2	104.0	151.0	150.0	147.0	0.0	49
723	Intel	Core M 5Y51	51	26.4	52.0	81.9	116.0	118.0	117.0	0.0	57
724	Intel	Pentium T4500	51	17.7	36.1	67.5	69.5	71.0	72.2	0.02	72
725	AMD	Phenom II X3 710	51	26.6	46.2	90.9	130.0	133.0	135.0	0.0	72
726	Intel	Core i3 7167U	51	46.8	83.2	150.0	228.0	228.0	228.0	0.0	26
727	AMD	A10 7300 APU (2014 M.Ka)	51	22.3	39.3	67.3	110.0	112.0	113.0	0.02	66
728	AMD	A10 5745M APU	51	23.9	40.5	74.4	121.0	123.0	124.0	0.02	70
729	Intel	Pentium 2127U	51	21.7	44.1	82.8	86.8	88.6	88.8	0.0	71
730	Intel	Core i5 5287U	51	47.3	87.2	154.0	220.0	226.0	229.0	0.0	57
731	Intel	Pentium N3540	51	19.7	29.8	59.6	110.0	113.0	114.0	0.05	62
732	AMD	Phenom II N930	51	22.8	33.8	68.3	130.0	132.0	135.0	0.0	69
733	AMD	Athlon II P340	51	18.3	37.1	70.9	72.9	74.1	75.5	0.01	72
734	AMD	A4 4355M APU	51	13.7	30.4	48.6	49.7	50.7	50.7	0.0	66
735	AMD	E2 1800 APU (2012 M.Za)	51	10.6	21.7	39.5	41.5	42.6	42.9	0.01	72
736	AMD	Athlon II X4 555	51	38.6	58.1	116.0	217.0	218.0	221.0	0.0	65
737	AMD	Phenom II X4 20	51	36.0	53.9	108.0	203.0	207.0	208.0	0.0	70
738	Intel	Core2 Duo P8600	51	18.7	38.3	71.7	73.6	74.9	75.5	0.02	72
739	Intel	Pentium J2900	51	20.0	30.6	60.6	111.0	114.0	116.0	0.01	64
740	Intel	Core i5 2435M	51	34.2	64.2	109.0	157.0	158.0	158.0	0.0	72
741	Intel	Core i7 Q 820	51	29.0	52.7	90.1	136.0	185.0	188.0	0.01	71
742	Intel	Core2 Duo P8800	51	21.6	44.3	83.0	84.2	86.0	86.1	0.0	72
743	Intel	Core i7 8706G	51	70.5	110.0	210.0	377.0	567.0	571.0	0.0	18
744	Intel	Core i5 4258U	51	40.6	73.0	131.0	194.0	199.0	201.0	0.0	69
745	AMD	A9 9400 APU (2016 M.SR)	51	24.1	51.8	87.7	90.5	92.9	92.2	0.0	38
746	AMD	A8 5545M APU	51	21.9	36.8	67.7	112.0	115.0	114.0	0.01	67
747	Intel	Pentium B950	51	23.2	47.3	89.4	91.8	92.6	93.1	0.02	72
748	Intel	Xeon L5520	51	36.2	57.5	111.0	192.0	262.0	268.0	0.0	69
749	Intel	Core i7 4960HQ	51	60.2	97.7	188.0	312.0	415.0	404.0	0.0	67
750	Intel	Core2 Duo T5800	51	13.2	26.9	50.9	51.8	52.8	53.3	0.01	72
751	Intel	Pentium G640	51	33.3	68.0	129.0	131.0	133.0	135.0	0.01	72
752	Intel	Pentium N3520	51	17.8	27.0	54.4	99.5	103.0	105.0	0.0	68
753	Intel	Core2 Duo T6570	51	16.5	33.8	63.3	64.7	66.0	66.8	0.01	72
754	Intel	Core i7 6650U	51	48.1	86.6	153.0	231.0	236.0	238.0	0.01	49
755	Intel	Pentium Dual E2160	51	12.6	25.8	48.2	49.2	50.2	51.1	0.01	72
756	Intel	Core i5 K 655	51	40.6	75.7	131.0	188.0	191.0	194.0	0.0	67
757	AMD	Phenom II X4 850	51	38.7	58.6	116.0	217.0	221.0	225.0	0.0	71
758	Intel	Xeon E3 1230 v6	51	69.1	105.0	205.0	378.0	584.0	594.0	0.0	32
759	Intel	Celeron 1000M	51	21.4	43.7	82.1	84.2	86.3	86.3	0.01	70
760	Intel	Core i7 3920XM	51	59.5	93.2	180.0	318.0	449.0	458.0	0.0	70
761	Intel	Xeon E5530	51	38.8	60.1	117.0	210.0	265.0	270.0	0.0	70
762	Intel	Pentium B970	51	25.8	52.9	99.0	101.0	102.0	103.0	0.01	72
763	Intel	Core i5 4300Y	51	24.7	47.9	77.6	110.0	111.0	108.0	0.0	67
764	Intel	Xeon E5 1603 0	51	47.6	70.9	142.0	269.0	273.0	276.0	0.01	67
765	Intel	Core i7 7Y75	51	36.4	71.7	114.0	160.0	160.0	158.0	0.01	36
766	AMD	Athlon II X3 460	51	34.0	59.2	117.0	166.0	169.0	171.0	0.01	68
767	Intel	Core i7 5550U	51	45.4	82.8	147.0	214.0	219.0	220.0	0.0	36
768	AMD	A8 7670K APU (2014 D.Ka)	51	40.7	64.3	124.0	220.0	224.0	227.0	0.0	50
769	Intel	Xeon E5520	51	36.6	56.9	111.0	197.0	256.0	261.0	0.0	72
770	Intel	Core i7 M 640	51	35.1	68.3	115.0	155.0	158.0	158.0	0.02	70
771	Intel	Xeon E31230	51	55.0	86.7	167.0	292.0	415.0	420.0	0.01	68
772	Intel	Xeon E5540	51	41.9	65.0	127.0	226.0	294.0	301.0	0.0	64
773	Intel	Core i7 2820QM	51	43.6	70.3	134.0	227.0	316.0	317.0	0.01	71
774	AMD	Phenom II X2 545	51	25.0	51.3	95.5	97.8	99.7	102.0	0.01	68
775	Intel	Core i5 7500T	51	61.8	94.6	185.0	343.0	347.0	349.0	0.02	35
776	AMD	Phenom II X4 905e	51	31.0	46.3	92.5	175.0	177.0	180.0	0.0	71
777	AMD	E2 9000 APU (2016 M.SR)	51	16.9	36.2	61.7	63.5	65.1	64.0	0.01	33
778	AMD	Sempron 145	51	15.7	41.7	42.6	43.8	44.8	45.9	0.01	69
779	Intel	Atom 330	51	5.89	9.99	18.5	29.9	31.0	31.7	0.0	72
780	Intel	Core i3 2365M	51	16.5	30.1	52.7	78.0	80.7	82.0	0.01	71
781	AMD	Turion X2 Dual Core Mobile RM 70	51	14.7	29.5	57.5	58.4	59.7	60.4	0.0	73
782	AMD	Athlon II X4 740K	51	35.7	59.6	111.0	185.0	189.0	190.0	0.02	70
783	Intel	Core i5 4570R	51	56.6	87.2	170.0	313.0	318.0	322.0	0.0	69
784	AMD	Athlon 64 X2 Dual Core 4200+	51	17.1	35.2	66.0	66.9	68.9	69.8	0.01	73
785	AMD	A10 5800B APU (2012 D.Tr)	51	42.4	70.2	131.0	221.0	227.0	228.0	0.0	63
786	Intel	Core i5 M 450	51	29.7	55.7	97.5	136.0	137.0	138.0	0.02	72
787	Intel	Pentium G3450	51	44.3	90.7	171.0	174.0	177.0	180.0	0.0	57
788	AMD	Athlon II M300	51	16.3	33.5	62.5	64.2	65.3	66.2	0.0	69
789	Intel	Core2 Duo T9800	51	23.9	48.6	93.2	94.4	96.1	96.1	0.0	68
790	AMD	A10 5757M APU	51	26.5	46.2	83.5	132.0	134.0	135.0	0.0	68
791	Intel	Core i7 4930MX	51	62.5	99.6	190.0	329.0	475.0	482.0	0.0	72
792	Intel	Core M 5Y31	51	27.1	53.6	87.7	117.0	120.0	117.0	0.0	52
793	Intel	Core2 Duo T6500	51	16.3	33.5	62.1	63.7	64.9	65.5	0.01	71
794	AMD	FX 7600P APU (2014 M.Ka)	51	30.8	51.1	94.8	161.0	161.0	161.0	0.0	58
795	Intel	Core2 Duo P9700	51	22.6	46.1	88.1	89.1	90.2	91.0	0.0	71
796	Intel	Core i5 3330S	51	50.3	77.7	151.0	277.0	281.0	284.0	0.01	70
797	AMD	Sempron 140	51	15.2	40.4	41.1	42.3	43.6	44.6	0.01	71
798	Intel	Core i5 2537M	51	20.9	39.4	65.7	95.8	96.3	96.6	0.0	71
799	AMD	Phenom II X4 810	51	31.3	47.0	93.4	176.0	179.0	181.0	0.0	70
800	Intel	Core i7 7560U	51	52.2	96.7	166.0	244.0	243.0	243.0	0.01	32
801	AMD	Athlon 64 X2 Dual Core 6400+	51	25.2	51.8	96.0	98.6	100.0	101.0	0.0	69
802	AMD	Athlon 64 4000+	51	14.2	38.0	37.1	39.2	40.7	41.6	0.0	67
803	Intel	Xeon X5667	51	51.1	78.3	155.0	279.0	355.0	361.0	0.0	59
804	AMD	Athlon II X4 645	51	36.8	55.1	110.0	208.0	211.0	214.0	0.02	72
805	AMD	E2 9000e APU (2016 M.SR)	51	13.1	28.5	47.4	48.8	50.0	49.2	0.01	29
806	AMD	E 350	51	10.0	20.6	38.0	39.5	40.7	40.9	0.03	70
807	AMD	A6 3620 APU	51	27.8	42.5	83.6	155.0	158.0	160.0	0.01	68
808	AMD	Athlon II X2 245	51	24.0	49.0	92.6	94.4	96.8	98.4	0.02	72
809	Intel	Celeron J3355	51	21.5	44.3	81.4	84.7	86.8	85.6	0.0	33
810	AMD	E2 3000M APU	51	15.1	31.2	57.4	59.2	60.8	61.0	0.01	69
811	Intel	Xeon X3460	51	47.3	74.9	144.0	250.0	353.0	359.0	0.0	71
812	Intel	Xeon E31225	51	54.9	83.6	164.0	306.0	311.0	314.0	0.01	70
813	AMD	Phenom II X4 840T	51	35.7	54.9	108.0	197.0	200.0	202.0	0.01	68
814	AMD	A6 9200 APU (2016 M.SR)	51	20.3	44.0	73.1	75.1	77.0	75.7	0.0	33
815	AMD	Phenom II X4 B40	51	36.6	54.7	111.0	207.0	209.0	213.0	0.0	72
816	Intel	Pentium P6100	51	21.1	43.0	81.0	83.3	84.7	84.7	0.03	72
817	Intel	Xeon E5 2670 v2	51	47.1	71.3	136.0	259.0	470.0	735.0	0.0	68
818	Intel	Pentium 3805U	51	25.1	50.8	96.5	99.9	102.0	103.0	0.0	51
819	Intel	Atom N270	51	3.78	8.28	13.3	13.9	14.3	14.6	0.0	73
820	Intel	Celeron 1005M	51	22.7	46.3	87.0	89.8	92.0	92.1	0.01	70
821	Intel	Core i5 2415M	51	32.8	61.7	105.0	151.0	154.0	154.0	0.0	70
822	Intel	Core2 Duo T6670	51	17.5	35.6	67.4	69.0	70.0	71.1	0.01	71
823	Intel	Pentium J4205	51	30.6	47.3	91.9	169.0	171.0	170.0	0.01	35
824	AMD	Athlon 64 X2 Dual Core 5400+	51	21.7	44.5	83.2	85.5	87.2	88.4	0.0	70
825	Intel	Pentium B940	51	22.7	46.3	86.8	89.8	91.2	91.6	0.01	71
826	AMD	Athlon II X4 651	51	36.9	56.0	111.0	206.0	211.0	213.0	0.0	71
827	Intel	Core i7 4850HQ	51	55.1	89.1	171.0	286.0	393.0	387.0	0.0	68
828	Intel	Core2 Duo P7550	51	17.6	35.8	67.8	69.3	70.9	71.7	0.0	71
829	Intel	Core i3 M 390	51	29.5	54.7	97.1	137.0	139.0	140.0	0.0	67
830	AMD	Phenom 9650	51	26.7	39.8	79.8	152.0	154.0	156.0	0.01	70
831	Intel	T2080	51	10.2	20.8	39.1	40.2	41.2	42.0	0.0	70
832	AMD	A10 7400P APU (2014 M.Ka)	51	27.3	45.8	83.9	141.0	142.0	142.0	0.0	56
833	Intel	Core i5 2500S	51	51.4	84.1	157.0	270.0	273.0	276.0	0.02	72
834	AMD	Athlon II X2 265	51	27.8	57.0	107.0	109.0	112.0	113.0	0.0	72
835	AMD	Phenom 9600	51	26.1	39.3	78.6	146.0	149.0	151.0	0.01	68
836	Intel	Core i3 5015U	51	29.9	54.5	95.4	142.0	146.0	147.0	0.01	52
837	AMD	Ryzen 5 2600H	51	62.3	95.9	187.0	335.0	560.0	546.0	0.0	14
838	Intel	Pentium G4560T	51	45.6	82.5	144.0	219.0	223.0	225.0	0.0	30
839	Intel	Atom x5 Z8300	51	12.6	19.8	38.1	68.1	70.5	70.4	0.0	50
840	Intel	Core i5 3437U	51	33.0	60.3	104.0	156.0	159.0	161.0	0.02	70
841	Intel	Core i9 10940X	51	92.0	132.0	263.0	522.0	1026.0	2344.0	0.0	2
842	Intel	Core i5 3337U	51	32.3	59.7	101.0	151.0	157.0	158.0	0.09	72
843	AMD	Athlon 64 X2 Dual Core 5600+	51	22.3	45.5	85.5	87.6	89.1	90.2	0.01	72
844	Intel	Core i7 6567U	51	50.8	92.6	162.0	241.0	246.0	249.0	0.0	41
845	AMD	FX 7500 APU (2014 M.Ka)	51	24.9	43.3	75.9	124.0	127.0	128.0	0.01	62
846	Intel	Pentium N3530	51	18.9	28.6	57.5	105.0	109.0	110.0	0.01	66
847	Intel	Celeron G540	51	29.2	59.5	113.0	115.0	118.0	119.0	0.01	69
848	Intel	Xeon E5462	51	31.8	47.8	94.9	179.0	182.0	186.0	0.0	61
849	Intel	Core i3 2120T	51	33.7	62.0	108.0	158.0	160.0	162.0	0.0	71
850	Intel	Core i7 L 620	51	25.2	49.9	81.9	109.0	111.0	113.0	0.0	72
851	Intel	Atom N570	51	5.83	9.89	18.5	29.5	30.4	31.3	0.0	71
852	Intel	Core2 Duo P7350	51	15.6	32.1	60.3	61.0	62.5	63.1	0.01	72
853	AMD	Phenom II X4 B65	51	40.8	62.3	124.0	226.0	230.0	234.0	0.0	69
854	AMD	Phenom 9550	51	25.9	38.5	76.9	147.0	149.0	151.0	0.01	72
855	AMD	Athlon X2 Dual Core QL 64	51	14.9	30.6	57.1	58.1	59.4	59.9	0.0	71
856	Intel	Celeron B820	51	19.2	39.0	73.6	76.0	77.8	78.3	0.01	68
857	AMD	Athlon Dual Core 4450B	51	17.7	36.3	67.6	69.6	71.4	72.4	0.0	71
858	Intel	Pentium 5405U	51	35.7	62.8	114.0	175.0	179.0	179.0	0.01	8
859	Intel	Core i3 5010U	51	31.4	57.2	100.0	148.0	153.0	155.0	0.03	58
860	Intel	Xeon E5 2687W 0	51	61.5	88.8	176.0	347.0	643.0	877.0	0.0	67
861	Intel	Pentium P6200	51	22.5	45.7	87.1	89.1	90.4	90.7	0.02	70
862	Intel	Celeron 1017U	51	18.7	38.1	71.7	73.7	76.0	75.7	0.01	71
863	AMD	A8 7500 APU (2014 M.Ka)	51	39.0	61.8	120.0	211.0	214.0	216.0	0.0	47
864	Intel	Pentium G870	51	36.7	74.8	143.0	144.0	148.0	149.0	0.0	67
865	AMD	Athlon 64 3800+	51	12.7	34.0	34.2	35.4	36.4	37.2	0.0	72
866	Intel	Pentium 967	51	14.9	30.6	56.7	58.9	60.8	61.4	0.0	70
867	Intel	Core i7 3635QM	51	47.2	74.3	143.0	250.0	364.0	368.0	0.01	72
868	AMD	Athlon II X3 425	51	27.1	47.5	92.7	132.0	134.0	136.0	0.01	72
869	Intel	Core i7 10710U	51	71.8	116.0	215.0	375.0	545.0	640.0	0.03	3
870	Intel	Pentium Dual T3200	51	13.4	27.5	51.1	52.7	53.8	54.6	0.01	72
871	Intel	Celeron 3205U	51	19.9	40.3	76.2	79.1	80.9	81.5	0.0	55
872	AMD	Turion 64 X2 Mobile Technology TL 58	51	14.6	29.9	55.8	57.3	58.2	59.6	0.0	72
873	Intel	Celeron G550	51	30.2	61.8	116.0	119.0	121.0	123.0	0.01	70
874	Intel	Core i9 10980XE	51	89.9	130.0	261.0	506.0	997.0	2882.0	0.01	2
875	AMD	V120	51	12.8	34.2	34.8	35.7	36.0	36.5	0.0	70
876	AMD	Athlon 7850	51	23.4	47.5	90.5	92.7	94.2	95.1	0.0	71
877	Intel	Core i7 4770T	51	59.5	95.8	183.0	309.0	452.0	459.0	0.0	70
878	AMD	A10 6790K APU (2013 D.Ri)	51	42.7	70.9	131.0	222.0	226.0	229.0	0.0	64
879	Intel	Celeron G1820	51	35.6	72.5	138.0	140.0	143.0	144.0	0.02	71
880	Intel	Core i5 4670S	51	66.3	101.0	197.0	370.0	376.0	380.0	0.01	69
881	Intel	Celeron G1850	51	38.5	78.2	149.0	152.0	155.0	156.0	0.0	68
882	Intel	Core i3 6300T	51	53.4	95.7	172.0	257.0	261.0	266.0	0.0	46
883	Intel	Core i3 6100T	51	50.7	91.4	161.0	243.0	247.0	250.0	0.02	49
884	Intel	Core i9 9920X	51	90.9	131.0	261.0	513.0	1023.0	2046.0	0.0	12
885	AMD	Phenom II X4 970	51	41.9	62.8	125.0	237.0	241.0	244.0	0.01	72
886	Intel	Pentium Dual E2180	51	13.6	27.8	51.8	53.5	54.6	55.3	0.01	72
887	Intel	Core2 Duo E4700	51	18.1	37.3	69.0	70.4	72.3	73.5	0.0	72
888	Intel	Core i7 940	51	43.9	68.7	133.0	234.0	338.0	343.0	0.0	72
889	Intel	Core i3 M 350	51	25.7	47.5	84.7	119.0	121.0	122.0	0.04	72
890	AMD	A4 3300 APU	51	20.7	42.5	78.9	81.7	83.3	85.1	0.01	70
891	Intel	Xeon E3 1275 V2	51	63.7	99.8	194.0	338.0	505.0	509.0	0.0	70
892	Intel	Xeon E3110	51	25.2	50.9	98.7	100.0	103.0	103.0	0.0	70
893	Intel	Core2 Extreme Q9300	51	29.5	44.8	87.6	165.0	167.0	169.0	0.0	70
894	Intel	Core i7 2600S	51	51.7	86.1	162.0	261.0	369.0	375.0	0.01	69
895	Intel	Core i5 M 580	51	33.5	64.7	108.0	149.0	153.0	154.0	0.0	69
896	Intel	Xeon L5639	51	46.1	67.3	134.0	259.0	399.0	481.0	0.0	69
897	Intel	Celeron E3300	51	19.7	40.4	75.5	77.5	79.1	80.6	0.0	69
898	Intel	Core2 T7400	51	14.4	29.4	55.6	56.3	57.4	58.2	0.0	69
899	AMD	Athlon 64 3000+	51	10.3	27.4	28.0	28.9	29.7	30.5	0.0	69
900	AMD	A8 3500M APU	51	20.3	32.0	61.3	110.0	112.0	114.0	0.0	70
901	Intel	Core i3 4130T	51	42.1	76.5	133.0	201.0	205.0	207.0	0.01	64
902	AMD	A4 3300M APU	51	16.5	33.9	63.4	65.0	66.6	66.7	0.01	65
903	Intel	Xeon W3505	51	28.0	57.3	108.0	110.0	113.0	114.0	0.0	64
904	Intel	Xeon W3570	51	52.9	81.9	159.0	287.0	380.0	383.0	0.0	65
905	AMD	Turion 64 Mobile Technology ML 32	51	10.6	28.5	28.5	28.5	28.9	29.5	0	66
906	Intel	Core2 X6800	51	20.6	42.3	79.9	80.2	82.3	82.6	0.0	67
907	Intel	Core2 Duo P9600	51	20.6	42.3	79.5	80.8	82.7	82.9	0.0	72
908	AMD	Athlon XP 2600+	51	8.32	22.2	22.7	23.0	23.0	23.5	0	68
909	Intel	Pentium G850	51	34.8	71.0	135.0	137.0	139.0	140.0	0.01	71
910	Intel	Core2 6300	51	13.0	26.7	49.7	50.7	51.8	52.5	0.01	71
911	Intel	Core2 Duo T6400	51	15.6	31.9	60.2	61.5	62.8	63.1	0.01	72
912	AMD	Athlon 64 X2 Dual Core 3800+	51	15.4	32.1	58.1	59.7	61.0	62.4	0.01	72
913	AMD	Athlon 64 X2 Dual Core 4400+	51	17.9	36.6	68.7	70.4	71.6	72.8	0.01	72
914	Intel	Core i3 2125	51	43.7	80.0	141.0	206.0	209.0	210.0	0.0	71
915	Intel	Core2 Duo T7250	51	13.3	27.3	50.5	51.7	52.8	52.9	0.01	72
916	Intel	Pentium D 3.20GHz	51	14.1	29.3	52.8	54.9	56.2	56.6	0.0	72
917	Intel	Pentium E5200	51	19.7	40.4	75.9	77.2	78.8	79.7	0.03	72
918	Intel	Pentium E6600	51	24.1	49.3	92.6	94.9	96.9	97.7	0.02	72
919	Intel	Core i7 K 875	51	49.9	78.6	151.0	265.0	378.0	383.0	0.01	72
920	Intel	Core2 Duo P8400	51	18.0	36.9	69.1	70.2	71.6	72.2	0.02	73
921	Intel	Core i5 3450S	51	56.6	86.9	169.0	314.0	319.0	322.0	0.0	72
922	Intel	Core i3 530	51	35.3	64.8	115.0	165.0	167.0	169.0	0.06	73
923	AMD	Athlon X2 240	51	22.8	46.8	87.7	88.7	91.7	93.7	0.0	68
924	Intel	Core2 Duo T9550	51	21.1	43.4	81.1	82.5	83.6	83.5	0.0	69
925	AMD	Athlon 220GE	51	53.1	90.6	161.0	271.0	273.0	275.0	0.0	11
926	Intel	Core2 Duo T9400	51	20.3	41.6	78.4	79.7	80.8	81.1	0.01	71
927	Intel	Celeron G4900	51	43.4	88.4	168.0	171.0	172.0	172.0	0.01	20
928	Intel	Core i9 9960X	51	88.8	129.0	255.0	500.0	990.0	2603.0	0.01	12
929	Intel	Core i5 4250U	51	33.3	61.7	104.0	156.0	160.0	162.0	0.0	72
930	Intel	Core2 Duo P8700	51	19.5	40.0	74.7	76.7	78.0	78.9	0.02	72
931	Intel	Pentium G2120	51	38.7	79.0	149.0	152.0	155.0	155.0	0.01	72
932	Intel	Pentium G5400T	51	49.5	89.5	159.0	236.0	241.0	244.0	0.0	18
933	AMD	Athlon 64 3400+	50	12.6	33.7	33.9	34.1	34.5	36.7	0.0	72
934	AMD	Athlon XP 2200+	50	7.11	18.6	20.0	20.5	19.5	21.0	0	71
935	AMD	Opteron 4171 HE	50	17.0	31.1	51.0	80.6	94.9	95.8	0.0	70
936	AMD	AthlonX2 DualCore QL 60	50	13.9	27.6	55.6	56.6	55.7	57.1	0.0	69
937	Intel	Pentium M processor 1700MHz	50	8.37	23.0	23.2	21.3	21.3	23.9	0	68
938	Intel	Celeron 2.80GHz	50	7.81	20.2	21.5	23.0	23.1	24.4	0.0	67
939	AMD	Athlon Neo MV 40	50	8.0	21.2	21.7	22.5	23.1	23.8	0.0	65
940	Intel	Atom N435	50	3.35	7.35	11.6	12.3	13.1	13.7	0	64
941	Intel	Core M 5Y10a	50	25.0	52.2	78.3	102.0	110.0	115.0	0.0	56
942	Intel	Core i3 7101E	50	65.2	115.0	201.0	321.0	323.0	322.0	0.0	28
943	AMD	Phenom II P940	50	20.0	29.4	59.6	114.0	116.0	119.0	0.0	64
944	Intel	Core i3 2357M	50	15.8	28.8	50.0	75.5	77.0	77.9	0.0	68
945	AMD	A10 6700T APU (2013 D.Ri)	50	31.7	53.7	99.3	161.0	164.0	160.0	0.0	69
946	AMD	Turion II Neo N40L	50	12.4	24.8	47.6	49.9	50.1	49.7	0.0	73
947	Intel	Core2 Duo L7500	50	11.0	22.6	41.6	43.0	44.1	44.7	0.0	69
948	Intel	Pentium 4410Y	50	22.8	41.4	73.6	108.0	113.0	115.0	0.0	29
949	Intel	Xeon E3 1286 v3	50	72.4	105.0	215.0	409.0	587.0	581.0	0.0	52
950	Intel	Core i3 6167U	50	42.1	76.5	133.0	201.0	200.0	206.0	0.0	39
951	Intel	Pentium 4405Y	50	21.9	38.9	68.1	107.0	111.0	113.0	0.0	42
952	Intel	Core i5 3339Y	50	21.8	41.1	68.1	100.0	103.0	104.0	0.0	71
953	Intel	Pentium 4 2.60GHz	50	10.8	27.1	32.4	33.4	33.8	35.2	0.0	70
954	Intel	T2600	50	11.9	24.3	45.9	47.0	47.6	48.4	0.0	70
955	Intel	Core i7 3689Y	50	28.3	51.8	88.2	135.0	134.0	134.0	0.0	70
956	Intel	Pentium 4 2.66GHz	50	9.41	25.1	25.4	26.1	27.0	28.2	0.0	70
957	Intel	Core i7 5775R	50	72.7	113.0	221.0	389.0	569.0	578.0	0.0	49
958	AMD	Turion II Ultra Mobile M600	50	20.1	40.6	78.1	80.0	80.7	80.5	0.0	69
959	AMD	Turion 64 X2 Mobile Technology TL 52	50	12.2	25.3	46.1	48.0	48.5	49.9	0.0	72
960	AMD	A8 7200P APU (2014 M.Ka)	50	27.4	46.4	84.0	141.0	141.0	141.0	0.0	47
961	Intel	Pentium 4 3.80GHz	50	14.2	33.2	47.7	48.1	49.3	50.1	0.0	70
962	Intel	Atom Z3770	50	17.2	26.6	52.5	94.6	96.0	97.3	0.0	69
963	Intel	Core2 Duo L9600	50	16.8	34.8	63.6	65.2	65.8	68.9	0.0	72
964	Intel	Atom D410	50	3.89	8.47	13.6	14.5	15.0	15.8	0	64
965	Intel	Atom N550	50	5.23	8.83	16.7	26.5	27.6	28.0	0.0	73
966	Intel	Core2 T5200	50	10.8	22.0	41.7	42.6	43.6	44.4	0.0	66
967	Intel	Core i5 7600T	50	70.6	107.0	210.0	396.0	400.0	404.0	0.0	34
968	Intel	Core2 Duo P7570	50	18.1	37.4	68.5	70.6	72.3	73.4	0.0	68
969	AMD	Athlon Dual Core 4850e	50	20.0	40.9	77.4	78.5	80.2	81.0	0.0	71
970	AMD	Sempron 2800+	50	8.91	23.6	24.3	24.9	25.7	26.2	0.0	70
971	Intel	Core i7 2677M	50	29.3	56.6	92.5	131.0	134.0	136.0	0.0	70
972	AMD	Athlon 64 3200+	50	10.8	28.6	29.0	30.0	30.7	31.8	0.0	71
973	Intel	Core2 Duo T5670	50	12.6	26.1	47.9	49.1	50.0	50.4	0.0	71
974	Intel	Core2 T5500	50	11.4	23.3	43.9	44.6	45.5	46.3	0.0	72
975	AMD	Athlon 64 X2 Dual Core TK 53	50	12.8	26.6	48.1	49.2	51.0	53.4	0.0	67
976	Intel	U4100	50	10.4	21.5	39.2	40.6	41.7	42.3	0.0	66
977	AMD	Turion X2 Ultra Mobile ZM 82	50	15.6	31.4	60.8	62.3	63.8	63.9	0.0	72
978	Intel	Xeon E5345	50	23.9	36.1	70.9	134.0	136.0	138.0	0.0	67
979	AMD	Turion II Neo N54L	50	17.7	35.7	70.3	70.5	72.5	71.6	0.0	68
980	Intel	Celeron B815	50	17.9	36.5	68.7	71.1	72.8	73.9	0.01	71
981	Intel	Atom x5 Z8330	50	14.0	21.9	42.0	76.6	78.1	78.4	0.0	41
982	AMD	Athlon X2 Dual Core QL 65	50	15.4	31.2	59.2	61.3	62.8	63.8	0.0	70
983	Intel	Core i5 4210Y	50	22.9	43.0	70.4	106.0	109.0	110.0	0.0	69
984	Intel	Xeon E5504	50	31.2	46.6	93.1	176.0	179.0	182.0	0.0	69
985	Intel	Xeon E5507	50	35.5	53.6	106.0	199.0	204.0	208.0	0.0	64
986	Intel	Pentium D 2.80GHz	50	12.0	24.9	45.5	46.6	47.8	49.0	0.01	73
987	Intel	T2300	50	9.94	20.3	38.5	39.0	39.9	40.7	0.0	71
988	Intel	Core Duo T2350	50	10.7	22.3	41.0	41.7	42.7	43.5	0.0	71
989	Intel	Xeon W3503	50	26.6	54.5	103.0	104.0	107.0	108.0	0.0	71
990	AMD	Phenom 9500	50	24.7	37.2	74.5	139.0	143.0	145.0	0.0	72
991	Intel	Celeron 2.53GHz	50	9.49	25.5	25.0	26.1	26.3	26.7	0	70
992	Intel	Pentium M processor 1.86GHz	50	7.71	20.5	20.8	21.5	22.0	22.4	0.0	70
993	Intel	Core2 T5600	50	12.4	25.4	47.5	48.7	49.9	50.9	0.0	72
994	Intel	Celeron B800	50	16.7	33.8	63.9	66.2	67.9	68.4	0.01	68
995	AMD	A8 3530MX APU	50	24.9	39.6	75.8	134.0	137.0	140.0	0.0	72
996	Intel	Core i3 3227U	50	24.0	43.6	75.9	115.0	119.0	120.0	0.02	70
997	Intel	Pentium Dual E2200	50	15.3	31.4	58.4	60.4	61.0	61.8	0.02	72
998	Intel	Pentium 3550M	50	29.8	60.6	114.0	118.0	121.0	120.0	0.0	67
999	Intel	Pentium G645	50	34.1	69.4	132.0	135.0	137.0	138.0	0.02	71
1000	Intel	Celeron 877	50	15.9	32.3	61.4	62.9	64.0	64.7	0.0	69
1001	Intel	Core i3 U 330	50	14.1	25.5	45.4	66.7	68.6	69.9	0.0	72
1002	AMD	Phenom II X4 830	50	34.0	50.8	101.0	193.0	196.0	198.0	0.01	72
1003	AMD	Phenom II N830	50	20.4	35.0	70.3	101.0	103.0	104.0	0.0	72
1004	Intel	Core i5 8600T	50	75.3	110.0	217.0	424.0	601.0	600.0	0.0	19
1005	AMD	Athlon 64 X2 Dual Core 5000+	50	20.0	41.1	76.1	78.0	79.6	81.1	0.01	72
1006	AMD	A10 5750M APU	50	28.9	49.7	90.2	146.0	147.0	145.0	0.02	71
1007	Intel	Celeron E1500	50	15.1	30.9	57.2	59.4	60.0	61.3	0.0	68
1008	Intel	Pentium 4 3.00GHz	50	10.4	23.7	35.1	35.9	36.5	37.8	0.01	72
1009	AMD	C 60 APU	50	7.22	14.9	27.1	28.2	29.0	29.3	0.0	71
1010	Intel	Core2 Duo U9400	50	11.5	23.8	43.0	44.5	45.5	46.1	0.0	71
1011	AMD	A6 9210 APU (2016 M.SR)	50	22.1	47.0	81.2	83.7	86.2	85.6	0.0	38
1012	Intel	Pentium D 3.00GHz	50	13.2	27.3	50.0	51.6	52.7	53.5	0.01	72
1013	AMD	A10 4655M APU	50	22.6	38.7	69.2	115.0	117.0	117.0	0.01	69
1014	AMD	V140	50	13.0	34.5	35.3	36.1	36.9	38.0	0.0	72
1015	Intel	Atom D510	50	5.76	9.9	18.1	28.9	30.3	31.3	0.0	69
1016	AMD	A6 3410MX APU	50	21.4	33.9	65.1	116.0	118.0	120.0	0.0	70
1017	AMD	E2 2000 APU (2012 M.Za)	50	10.7	22.1	40.2	42.3	43.6	43.1	0.0	66
1018	AMD	Phenom II N850	50	21.9	37.2	75.5	109.0	110.0	111.0	0.0	69
1019	AMD	Athlon II X2 215	50	22.2	45.3	84.9	87.2	89.2	90.8	0.01	72
1020	Intel	Celeron 847	50	11.9	24.4	45.2	46.5	47.5	47.7	0.01	72
1021	Intel	Core i7 4550U	50	34.8	65.8	109.0	159.0	164.0	164.0	0.0	69
1022	Intel	Core m5 6Y57	50	33.2	63.1	105.0	151.0	150.0	146.0	0.0	48
1023	AMD	A6 7000 APU (2014 M.Ka)	50	16.6	35.9	60.1	61.9	63.0	63.9	0.0	55
1024	Intel	Pentium 4 3.20GHz	50	11.2	25.8	37.8	39.0	39.7	40.6	0.0	72
1025	AMD	A10 9630P APU (2016 M.BR)	50	35.7	56.4	109.0	193.0	199.0	200.0	0.0	37
1026	Intel	T2400	50	10.6	21.8	40.8	41.8	42.5	43.3	0.0	70
1027	Intel	Pentium 987	50	16.4	33.9	62.6	64.3	66.1	65.7	0.0	70
1028	AMD	Phenom II N950	50	24.2	35.7	72.3	138.0	140.0	141.0	0.0	73
1029	AMD	Phenom II X4 920	50	33.9	50.7	101.0	191.0	193.0	196.0	0.0	72
1030	AMD	E2 7110 APU (2015 M.Ca)	50	18.7	28.7	57.4	104.0	108.0	109.0	0.01	48
1031	Intel	Atom D525	50	6.29	10.6	19.7	32.0	33.0	33.9	0.0	69
1032	Intel	Atom x5 Z8500	50	16.6	25.4	50.5	91.7	93.5	93.5	0.0	49
1033	Intel	Celeron N2815	50	10.9	22.3	41.4	43.1	44.4	44.2	0.0	67
1034	Intel	Atom N280	50	4.01	8.76	14.1	14.9	15.2	15.6	0.0	70
1035	Intel	Core i5 2557M	50	28.0	53.6	88.8	127.0	127.0	129.0	0.0	70
1036	Intel	Xeon E5 2609 0	50	39.3	58.0	118.0	224.0	227.0	230.0	0.0	71
1037	AMD	Athlon 64 X2 Dual Core 3600+	50	15.1	31.2	57.8	58.9	59.8	61.3	0.0	70
1038	Intel	Celeron B830	50	20.5	41.8	78.6	81.5	82.6	83.0	0.01	68
1039	AMD	Phenom 8450 Triple Core	50	20.7	35.7	70.9	102.0	104.0	105.0	0.01	71
1040	Intel	Pentium 4 2.40GHz	50	9.28	24.2	25.8	26.8	27.4	28.8	0.0	73
1041	Intel	Atom Z3740D	50	13.0	19.0	38.8	75.1	76.6	78.5	0.0	71
1042	AMD	A10 9600P APU (2016 M.BR)	50	29.0	49.1	88.1	149.0	151.0	152.0	0.04	43
1043	Intel	Core2 6600	50	17.1	34.9	66.4	67.5	68.8	68.9	0.02	72
1044	Intel	Atom N450	50	3.93	8.55	13.9	14.5	14.9	15.2	0.0	71
1045	AMD	Athlon II M320	50	17.5	36.0	67.3	68.6	70.0	71.1	0.0	70
1046	Intel	Core i3 2105	50	39.8	73.3	128.0	187.0	190.0	193.0	0.0	71
1047	Intel	Celeron N3050	50	11.0	22.7	41.5	43.2	44.8	43.8	0.03	53
1048	Intel	Core i5 2467M	50	23.3	43.7	74.2	108.0	111.0	111.0	0.01	72
1049	Intel	Core i7 2637M	50	29.7	55.3	94.7	138.0	142.0	144.0	0.0	69
1050	Intel	Core i3 2367M	50	17.0	30.8	54.7	81.4	83.6	84.9	0.01	72
1051	AMD	A8 3510MX APU	50	24.3	37.9	73.2	133.0	135.0	137.0	0.0	69
1052	AMD	Athlon II P360	50	19.1	38.9	73.9	75.4	77.0	78.0	0.0	71
1053	Intel	Core i5 4202Y	50	21.9	41.0	67.4	102.0	104.0	104.0	0.0	69
1054	Intel	Core2 Duo L9400	50	15.2	31.5	57.9	59.3	60.8	61.7	0.0	69
1055	Intel	Core i5 9400H	50	77.1	121.0	230.0	411.0	595.0	584.0	0.0	5
1056	AMD	Athlon II P320	50	17.3	35.1	66.7	68.3	69.7	70.3	0.01	72
1057	AMD	Athlon LE 1640	50	14.0	37.1	38.2	39.3	40.5	41.8	0.0	68
1058	Intel	Atom x7 Z8700	50	18.6	28.2	56.2	103.0	107.0	107.0	0.0	56
1059	AMD	Athlon II X2 255	50	25.7	52.5	99.1	101.0	103.0	105.0	0.01	69
1060	Intel	Core M 5Y70	50	28.5	55.8	89.8	126.0	127.0	122.0	0.0	61
1061	AMD	Athlon Dual Core 4450e	50	17.7	36.4	66.5	69.5	71.0	72.5	0.0	67
1062	Intel	Core i3 U 380	50	15.4	28.1	50.4	72.3	74.1	75.5	0.0	68
1063	AMD	Turion 64 X2 Mobile Technology TL 56	50	13.6	27.9	52.3	53.7	54.7	55.1	0.0	72
1064	AMD	Turion 64 X2 Mobile Technology TL 60	50	15.2	31.3	58.4	59.7	60.9	61.9	0.0	72
1065	Intel	Core i5 3317U	50	30.5	56.6	96.3	143.0	146.0	147.0	0.07	93
1066	Intel	Core2 Extreme Q6850	50	30.3	45.4	90.0	171.0	173.0	175.0	0.0	68
1067	Intel	T2500	50	11.3	23.1	43.8	44.6	45.2	45.8	0.0	72
1068	Intel	Pentium G840	50	33.4	67.9	129.0	132.0	134.0	135.0	0.01	71
1069	Intel	Core i7 2920XM	50	48.2	77.0	147.0	253.0	351.0	353.0	0.0	72
1070	Intel	Core2 6700	50	19.0	38.9	73.6	74.3	75.6	76.1	0.01	71
1071	AMD	A4 3305M APU	50	17.2	35.8	64.8	66.5	68.3	68.4	0.01	69
1072	AMD	Athlon X2 Dual Core BE 2300	50	14.8	29.7	57.5	59.0	60.3	62.0	0.0	65
1073	AMD	A6 4455M APU	50	15.0	33.3	52.3	53.9	55.5	55.3	0.01	69
1074	AMD	Phenom II N660	50	24.1	48.5	95.0	96.0	97.6	97.4	0.0	67
1075	Intel	Core2 Duo P9500	50	20.1	41.0	78.4	78.8	80.0	80.5	0.0	69
1076	Intel	Pentium 4 3.40GHz	50	11.9	27.7	40.1	40.7	41.7	42.8	0.0	73
1077	Intel	Celeron 2957U	50	17.4	35.6	66.4	69.1	70.8	70.2	0.01	65
1078	Intel	Pentium Dual T2390	50	12.3	25.2	47.6	48.7	49.9	50.2	0.0	72
1079	Intel	Celeron 887	50	17.3	35.3	66.5	68.5	70.0	70.2	0.0	73
1080	Intel	Atom Z3740	50	13.9	21.0	41.8	77.7	80.0	81.4	0.0	71
1081	Intel	575	50	9.44	25.1	25.7	26.4	27.1	27.6	0.0	70
1082	Intel	Atom x7 Z8750	50	19.3	29.6	58.8	107.0	109.0	110.0	0.0	39
1083	AMD	Turion II Mobile M500	50	17.8	36.4	67.7	69.9	71.5	72.6	0.0	71
1084	AMD	Phenom 9150e	50	21.0	31.4	62.6	118.0	121.0	123.0	0.0	68
1085	Intel	Core i3 3220T	50	38.4	70.1	122.0	182.0	184.0	186.0	0.01	71
1086	Intel	Core i5 4200U	50	33.2	61.5	104.0	156.0	159.0	160.0	0.16	75
1087	AMD	A8 4555M APU	50	17.9	30.8	54.3	90.5	93.4	93.4	0.01	71
1088	Intel	Atom N2800	50	6.84	11.5	22.0	34.8	35.5	36.7	0.0	67
1089	AMD	Phenom II P960	50	20.8	30.9	62.1	118.0	121.0	123.0	0.0	72
1090	Intel	Celeron N2840	50	13.2	27.2	50.0	51.6	53.2	53.2	0.06	62
1091	Intel	Core M 5Y10	50	28.3	52.6	90.0	131.0	134.0	134.0	0.0	61
1092	Intel	Core2 Duo L9300	50	13.0	26.9	49.1	50.4	52.5	54.0	0.0	69
1093	Intel	Pentium T4300	50	16.4	33.7	63.4	64.2	66.2	66.6	0.02	71
1094	AMD	E2 9010 APU (2016 M.SR)	50	17.3	36.8	62.5	66.0	68.4	68.6	0.0	39
1095	AMD	A4 1250 APU	50	6.77	14.2	24.5	26.2	27.4	27.1	0.0	67
1096	Intel	Pentium Dual T2370	50	11.7	24.0	44.8	46.2	46.9	47.3	0.0	70
1097	Intel	Core2 Duo T5850	50	14.5	30.0	54.8	56.2	57.5	58.0	0.0	69
1098	Intel	Core i7 5650U	50	45.3	82.5	148.0	213.0	214.0	210.0	0.0	56
1099	Intel	Core i7 Q 840	50	31.5	57.6	97.7	147.0	203.0	207.0	0.0	71
1100	Intel	Core i5 8305G	50	63.6	101.0	191.0	337.0	513.0	522.0	0.0	20
1101	Intel	Core2 Duo P9400	50	19.2	39.5	73.5	75.4	76.1	77.2	0.0	72
1102	AMD	Athlon 64 X2 Dual Core TK 55	50	13.8	28.4	52.6	53.6	54.9	56.2	0.0	72
1103	Intel	Atom Z3775	50	17.4	26.6	52.5	97.0	99.5	101.0	0.0	65
1104	Intel	Core2 Duo U9600	50	13.1	26.9	49.3	51.4	52.0	52.7	0.0	70
1105	Intel	Celeron Dual Core T3100	50	15.1	31.1	57.4	59.1	60.3	61.5	0.0	72
1106	Intel	Xeon E3 1265L v3	50	60.9	95.3	186.0	324.0	472.0	480.0	0.0	60
1107	AMD	A9 9410 APU (2016 M.SR)	50	26.2	56.3	96.1	98.3	102.0	101.0	0.02	43
1108	Intel	Pentium N3510	50	14.3	21.0	42.7	81.7	85.9	87.5	0.0	66
1109	AMD	Athlon 64 X2 Dual Core 4600+	50	18.8	38.6	71.4	73.5	75.0	76.7	0.01	68
1110	Intel	Pentium E6800	50	26.3	53.8	101.0	103.0	105.0	107.0	0.0	70
1111	AMD	Sempron 3600+	50	10.4	27.9	27.7	28.7	29.3	30.4	0.0	72
1112	AMD	Athlon Neo X2 Dual Core L335	50	11.6	23.9	43.1	45.8	47.3	47.0	0.0	70
1113	Intel	Core i7 4722HQ	50	55.0	86.6	166.0	292.0	428.0	438.0	0.0	52
1114	AMD	A4 5000 APU	50	15.8	24.3	48.4	87.3	90.5	91.7	0.03	70
1115	AMD	FX 770K (2014 D.Ka)	50	38.8	62.5	119.0	206.0	211.0	212.0	0.0	60
1116	Intel	Atom 230	50	3.93	8.61	14.0	14.4	14.8	15.3	0.0	70
1117	AMD	Sempron 3400+	50	9.81	25.9	26.4	27.7	28.5	28.8	0.0	68
1118	Intel	Core i9 10900X	50	93.5	134.0	268.0	530.0	1036.0	1720.0	0.01	1
1119	Intel	Pentium Dual T2310	50	9.78	20.0	37.1	38.7	39.8	40.2	0.0	71
1120	AMD	A4 6320 APU	50	28.3	61.7	101.0	104.0	107.0	108.0	0.0	64
1121	Intel	Pentium 4417U	50	35.4	62.4	113.0	173.0	175.0	176.0	0.01	9
1122	Intel	Core i3 4012Y	50	20.1	35.9	63.4	97.3	100.0	100.0	0.0	65
1123	Intel	Celeron Dual Core T3300	50	16.1	32.9	61.7	63.0	64.4	65.2	0.0	67
1124	Intel	Core i5 2450P	50	56.1	85.8	168.0	312.0	316.0	319.0	0.0	71
1125	Intel	Celeron 900	50	12.0	31.8	32.4	33.4	34.1	34.3	0.01	70
1126	Intel	Core i5 6600T	50	66.5	100.0	198.0	374.0	380.0	381.0	0.0	50
1127	Intel	Celeron N3010	50	12.5	25.2	48.0	49.8	50.6	50.3	0.0	37
1128	Intel	Pentium 2117U	50	21.1	43.1	80.3	83.0	85.4	85.2	0.01	69
1129	Intel	Atom Z2760	50	6.49	11.0	20.5	32.9	34.3	34.6	0.0	72
1130	Intel	U2300	50	9.89	20.4	37.8	38.6	39.5	40.4	0.0	72
1131	Intel	Core i5 3470T	50	45.7	85.4	143.0	212.0	215.0	218.0	0.01	72
1132	Intel	Core2 Duo T5900	50	15.0	31.0	57.1	58.1	59.5	60.2	0.0	72
1133	Intel	Core i5 U 470	50	16.7	32.6	52.6	73.8	76.5	77.1	0.0	69
1134	Intel	Celeron N2930	50	16.0	24.2	48.5	89.0	91.3	92.5	0.01	64
1135	Intel	Xeon E3 1276 v3	50	69.8	109.0	211.0	373.0	559.0	565.0	0.0	57
1136	Intel	Core i5 4570T	50	49.9	92.9	157.0	233.0	237.0	239.0	0.02	68
1137	Intel	Pentium G3430	50	43.2	88.3	168.0	169.0	173.0	174.0	0.0	75
1138	Intel	Pentium G5500T	50	50.7	92.1	159.0	243.0	247.0	249.0	0.0	18
1139	Intel	T2250	50	10.1	20.7	38.4	39.4	40.3	41.1	0.0	69
1140	Intel	Core2 Duo T7500	50	14.6	30.1	56.2	57.3	57.9	58.4	0.01	72
1141	Intel	Core2 4400	50	13.9	28.4	53.0	54.3	55.5	56.4	0.0	70
1142	Intel	Core2 Duo T5450	50	11.3	23.1	43.1	44.2	45.0	45.4	0.0	70
1143	Intel	Core2 6320	50	13.1	27.0	49.9	51.0	52.2	52.9	0.0	70
1144	Intel	Core i7 X 920	50	33.9	59.7	106.0	164.0	219.0	222.0	0.0	70
1145	AMD	Sempron 3000+	50	9.35	25.0	25.0	26.0	26.4	27.2	0.0	71
1146	Intel	Core2 Duo T5750	50	13.3	27.3	51.0	52.2	53.2	53.2	0.0	69
1147	Intel	2140	50	11.1	22.7	42.3	43.9	44.9	45.8	0.0	69
1148	AMD	A8 3520M APU	50	22.4	35.3	67.5	121.0	123.0	124.0	0.0	69
1149	Intel	Celeron N2820	50	12.2	24.9	46.3	47.9	49.6	49.6	0.01	69
1150	Intel	Xeon E5506	50	33.6	49.5	100.0	191.0	195.0	197.0	0.0	66
1151	Intel	Core X 920	50	35.5	61.5	114.0	174.0	238.0	242.0	0.0	68
1152	Intel	Pentium Dual T2330	50	10.9	22.2	42.0	43.0	44.1	44.5	0.0	68
1153	Intel	Core2 T5300	50	11.5	23.5	43.9	45.0	46.4	47.3	0.0	72
1154	Intel	Core2 Duo T7100	50	12.2	25.4	46.7	47.4	48.5	49.0	0.01	72
1155	Intel	Core2 Duo E4400	50	13.9	28.5	52.8	54.4	55.2	56.2	0.0	71
1156	Intel	Celeron E1400	50	13.9	28.6	52.9	54.2	55.6	56.5	0.0	71
1157	Intel	Core i7 X 940	50	36.5	63.8	113.0	177.0	243.0	247.0	0.0	71
1158	Intel	Core2 6420	50	15.2	31.3	58.1	59.3	60.6	61.5	0.0	72
1159	Intel	Core2 Duo T5550	50	12.2	25.1	46.4	47.4	48.5	49.0	0.0	72
1160	Intel	Core2 Duo P7450	50	16.5	33.9	63.3	64.9	66.2	66.8	0.01	72
1161	Intel	Core2 4300	50	12.7	26.1	48.1	49.8	50.8	51.8	0.0	72
1162	Intel	Pentium T4200	50	15.7	32.1	60.5	62.2	63.2	64.2	0.01	72
1163	Intel	Core2 T7200	50	13.5	27.7	51.8	53.2	54.0	54.7	0.0	73
1164	Intel	Pentium II processor	50	26.8	49.7	86.6	125.0	123.0	125.0	0	73
1165	Intel	Core i3 2310M	50	25.7	47.0	83.2	121.0	123.0	124.0	0.07	73
1166	Intel	Pentium G3470	50	49.2	100.0	191.0	194.0	195.0	195.0	0.0	55
1167	Intel	Celeron E3200	50	19.1	39.1	72.9	74.8	76.6	78.0	0.0	69
1168	Intel	Pentium G6950	50	30.9	63.0	119.0	122.0	125.0	126.0	0.0	72
1169	Intel	Core2 Duo T5250	50	10.1	20.8	38.5	39.4	40.2	41.0	0.0	70
1170	Intel	Pentium Dual T3400	50	14.5	29.6	55.8	56.8	58.3	58.6	0.01	70
1171	Intel	Pentium 4 2.80GHz	50	10.0	24.3	31.2	32.2	32.9	33.9	0.0	71
1172	Intel	Celeron G3950	50	42.7	87.4	164.0	168.0	171.0	171.0	0.0	34
1173	AMD	Athlon 240GE	50	55.0	94.1	168.0	279.0	282.0	282.0	0.0	10
1174	Intel	Celeron M processor 1.50GHz	49	6.45	17.4	17.3	17.5	17.9	18.7	0.0	70
1175	Intel	Atom D2700	49	7.79	13.3	24.6	39.2	40.2	41.3	0.0	68
1176	Intel	Atom N455	49	3.89	8.52	13.8	14.3	14.8	15.2	0	72
1177	AMD	E 350D APU	49	10.3	21.4	38.5	40.1	41.3	41.7	0.0	69
1178	Intel	Pentium D 2.66GHz	49	11.3	23.5	42.3	43.8	45.0	46.2	0.0	70
1179	Intel	Pentium 4 2.93GHz	49	9.6	24.1	28.8	29.4	29.6	30.6	0.0	70
1180	Intel	U7300	49	11.0	22.6	42.0	43.2	44.5	45.4	0.0	70
1181	Intel	Core i5 5250U	49	37.1	69.1	118.0	172.0	175.0	176.0	0.01	57
1182	Intel	Core i5 6260U	49	42.9	77.7	136.0	205.0	208.0	210.0	0.0	50
1183	Intel	Celeron 723	49	6.27	16.6	16.9	17.6	18.3	19.3	0.0	67
1184	Intel	Celeron M 430	49	7.29	19.5	19.5	20.1	20.7	21.0	0.0	70
1185	Intel	Core2 6400	49	14.9	30.5	57.0	58.6	59.6	60.6	0.01	73
1186	AMD	A4 1200 APU	49	7.11	14.8	26.3	27.7	28.9	28.5	0.0	71
1187	Intel	Pentium M processor 1.60GHz	49	6.6	17.4	17.9	18.7	19.1	19.8	0.0	70
1188	Intel	Atom Z520	49	3.26	7.1	11.6	12.1	12.6	12.9	0.0	70
1189	Intel	Xeon E5 2603 0	49	29.8	44.6	89.6	168.0	172.0	174.0	0.0	70
1190	Intel	Celeron N3000	49	11.3	23.1	43.3	45.0	46.4	45.9	0.0	51
1191	AMD	E1 7010 APU (2015 M.Ca)	49	10.3	21.1	38.4	40.5	42.2	40.9	0.01	45
1192	Intel	Core2 T7600	49	16.0	32.8	62.2	63.0	64.1	64.9	0.0	71
1193	Intel	Core i7 5950HQ	49	70.4	110.0	211.0	377.0	548.0	553.0	0.0	54
1194	Intel	Core i3 6157U	49	38.3	68.5	122.0	185.0	188.0	189.0	0.0	38
1195	Intel	Core i7 M 620	49	33.0	64.1	107.0	145.0	148.0	150.0	0.03	72
1196	Intel	Core2 Duo E8200	49	21.8	44.5	84.0	85.7	87.1	87.9	0.01	71
1197	AMD	FX 4130 Quad Core	49	37.5	62.0	115.0	195.0	200.0	202.0	0.02	72
1198	Intel	Celeron G1830	49	37.2	76.7	141.0	146.0	147.0	149.0	0.0	71
1199	Intel	Pentium Dual E2140	49	11.1	22.7	42.1	43.4	44.4	45.5	0.0	70
1200	Intel	Core i9 9940X	49	89.4	129.0	257.0	505.0	1011.0	2350.0	0.01	13
1201	AMD	E1 2100 APU	48	6.91	14.3	25.4	27.1	28.3	27.9	0.01	68
1202	AMD	E1 2500 APU	48	9.76	20.2	36.3	38.2	39.8	39.0	0.01	71
1203	AMD	E 300 APU	48	7.93	16.4	29.4	31.2	32.2	32.2	0.02	72
1204	Intel	Core i3 7020U	48	35.2	62.7	113.0	170.0	173.0	174.0	0.1	19
1205	AMD	E1 1200 APU	47	8.56	17.6	32.1	33.7	34.9	34.6	0.02	72
1206	Intel	Core i3 4340	46	53.2	96.8	170.0	252.0	257.0	261.0	0.0	77
